Params: 	576
Term	Coefficient	Standard Error	Coefficient_Lin	Standard Error_Lin
Intercept	9.85970195263506
1	0.0062132057105853	0.0282462613481055	-9.62519732891881e-05	0.016460611720502
2	0.1093330202834048	0.0168957942379652	-0.0379083255244781	0.0175526737777435
3	0.1020439674785813	0.0180716050174082	-0.000309042189193	0.0211600405121273
4	0.2953168097727775	0.0154729160794327	0.1744038162615015	0.0135880706663371
5	0.0075986718354683	0.008052852193763	-0.0062979911058044	0.0078324144245718
6	-0.6744592297381555	0.0090364558728023	-0.9724922173803684	0.0111555606211634
7	-0.7936805779651664	0.0439305961205087	-1.1043154363239798	0.0142825825230338
8	0.0109567022237072	0.0233079938536053	0.0318589896800637	0.0212141562637393
9	0.0877358566564711	0.0075284616454377	0.0663958784045664	0.0110648715558375
10	0.1491250359087906	0.0151493270457844	0.0398953528484094	0.0164523312154006
11	0.065197535838529	0.0123976122001997	0.0790250444789633	0.0065919033309141
12	-0.0564374958892248	0.0296507896026593	-0.1474238270909991	0.0237607966470167
13	0.0247736994848701	0.0124234656754914	-0.1713010463838957	0.0116180886590313
14	0.0767578067028002	0.0156536120660298	0.071890297436689	0.0176215394069099
15	0.0428181219594499	0.0187468961385318	-0.0068588359972165	0.0136830838486663
1,2	0.0569954760944834	0.0209567815352424	0.0887250513369871	0.00823752551858
1,3	0.023979295404379	0.0231184459273411	0.0056933092572409	0.0107703276239122
1,4	0.0269387507386958	0.0117064644119678	0.001120120533337	0.0055133514889184
1,5	-0.012332331016915	0.0098804039351033	-0.050425267291691	0.0055742125203537
1,6	-0.0206029141425422	0.0095545483071432	0.0586350403857395	0.0096004403327819
1,7	0.2939982523177202	0.0328343356627109	0.2341318743900691	0.0110371720827059
1,8	-0.0408449065946589	0.0152538579479601	-0.0049312554394377	0.0164897620566181
1,9	-0.036980340552643	0.0160852888817683	-0.0349031191342439	0.0125151067066764
1,10	0.0203067832181531	0.012691321632114	0.0087715770590479	0.0051126469129805
1,11	0.0140416804466168	0.0174153131476711	-0.0064740072637896	0.0113262795753252
1,12	-0.0840103605179831	0.01630348172993	-0.0550836598270686	0.0087239351448605
1,13	0.0099521218575554	0.011010636589532	-0.0230869012238049	0.0095527168440023
1,14	-0.0273532891179978	0.0154438800832333	-0.0156871078909549	0.016121649535836
1,15	-0.0075428031783951	0.0175347489194077	-0.0121990405099989	0.0167167152671653
2,3	-0.1455241962396054	0.0097727358618223	-0.0369028615518959	0.0069812552455555
2,4	-0.1916049712597756	0.0065911692995981	-0.0684640757173378	0.004933536890292
2,5	-0.020194985128049	0.0065776342980049	0.0176997368019321	0.0114693320040892
2,6	0.0048076584074578	0.011240331865526	0.0955415863582611	0.0143535169704575
2,7	-0.6894529215783376	0.0325590957115985	-0.3278833374442592	0.008910019058885
2,8	-0.0292730806753273	0.010939436203522	-0.0361038969129332	0.0086197345708886
2,9	-0.013220476803005	0.0121974265703459	-0.0278744156651676	0.0107688832589959
2,10	0.0151801062373368	0.0064259968565026	0.0374006822117623	0.0048119346904169
2,11	-0.0215702140927778	0.0117258312325789	-0.0063334671321977	0.0128675448428983
2,12	-0.1206395939901416	0.0073522518896257	-0.0382398547202635	0.0102010862312819
2,13	-0.1067412801154159	0.0047371384168111	-0.0168120396965784	0.0069388191843904
2,14	0.0411211671834013	0.0156966642166197	0.0203915555227408	0.014914106935251
2,15	-0.0279191402374467	0.025229412359785	-0.0102159297367371	0.0152489122090733
3,4	-0.0584079271812355	0.0152748565031713	0.0287216944213042	0.0100409666582792
3,5	0.0525994918512422	0.0103517686666874	0.0058458885596309	0.0121262409605187
3,6	-0.0380437752873683	0.0061123638056228	0.1404575588311959	0.0159443078031122
3,7	-0.2492531438295808	0.0346702863400607	-0.0959993151881301	0.0091534319871977
3,8	0.0079909172526398	0.0169976379154273	0.0151941131635684	0.0132762024878361
3,9	-0.0540020722246099	0.0144531486003624	-0.0101959402363961	0.0100357270746408
3,10	-0.0582772250463803	0.0173277864481888	-0.0121343995426061	0.0164131503908331
3,11	-0.0208026547052596	0.0081640330288457	-0.0061496731282537	0.0075787927189207
3,12	-0.0304762026057227	0.0089632822912859	-0.0516538280285775	0.0093027583135527
3,13	-0.065408492468496	0.0148560137195147	-0.0582787732357226	0.0115629886629123
3,14	-0.036757086093201	0.0147928246077336	-0.0305392744476705	0.0121722691195256
3,15	-0.0061346268063178	0.0068499357992408	-0.0051505790062723	0.0063236313227224
4,5	0.0013259306975601	0.0178894805525539	0.0216889720336462	0.0129427081315377
4,6	0.1016342725410014	0.0078843861043884	0.1993445730737678	0.0104231997481671
4,7	-2.2502677309346426	0.0727195533410432	-1.3755367323670575	0.0189508937904854
4,8	0.012971477000249	0.0186964183218206	0.0015447194859831	0.0135020303807198
4,9	-0.0268633330731166	0.0098986011614142	-0.0258665664076206	0.0089266062992912
4,10	-0.1280748482795094	0.0169773412130776	-0.1188192580042219	0.0141791353332354
4,11	0.0357990530372842	0.0153583011498546	-0.0110230751356406	0.003353535022772
4,12	-0.129548642858533	0.0218721156612158	-0.0741239598098628	0.0110564014483948
4,13	-0.0054876406897998	0.0156070306747645	0.0919563479805994	0.0088679845591223
4,14	-0.1162960358682486	0.0129181173290904	-0.0704480828294079	0.0123728964125362
4,15	0.0300898651171183	0.016601147161674	0.0660181418314083	0.0139404131150154
5,6	-0.0868726281133732	0.0105500380736246	0.0175206002070621	0.0146903312438649
5,7	0.1232237113790865	0.0268065770490204	0.1485500468509955	0.0067356182098231
5,8	0.0201245858714137	0.0083416279617748	0.0137363152195048	0.0087954647040855
5,9	-0.0386192926081605	0.0120228077223601	-0.0186516533459379	0.0092722947735277
5,10	-0.0820471522596766	0.0151733358940352	-0.1150393354450917	0.013431024395688
5,11	-0.063720350804808	0.0164896028742864	-0.0111038644507703	0.0117851291156756
5,12	-0.0253177459492142	0.0048530032356035	-0.0244004642626197	0.0061254413457617
5,13	-0.0474103546975313	0.0185508328112303	-0.0515368827068742	0.012923089269219
5,14	0.0201825663604959	0.009596685070153	0.0041509927148749	0.0101151960449749
5,15	0.0051966420707002	0.012657680197632	-0.0277137239593407	0.0086014653331416
6,7	-10.680784000977953	1.1651607868364715	-0.9165555606184896	0.012411807363062
6,8	0.0201575054608879	0.0072777478083438	-0.0583607590375681	0.0103208069201636
6,9	-0.0009339340811785	0.005797514623261	0.0050231732386347	0.0149783813125305
6,10	0.130494926189174	0.0046850721915405	0.4016221859204262	0.0082032950683333
6,11	0.0955023073903223	0.0054308998897921	0.0248733774850225	0.0104552448351699
6,12	-0.0254108243397921	0.0070307935244882	0.0109781496617214	0.0148103173991607
6,13	-0.1049172392324595	0.0060929905722117	0.2000269496740721	0.0067629121127299
6,14	0.1685419486344403	0.0064994228079243	0.2815832037421062	0.0101048341093906
6,15	0.0733323536731909	0.0093387626334311	0.1364821865452129	0.0038165223571768
7,8	0.119689400929993	0.0329052894360472	0.0785021729906463	0.0083956040314733
7,9	-0.047425322653545	0.0267512895232928	-0.0540105815415612	0.0097950271250805
7,10	0.275813484590399	0.0367380678190796	0.4199994895864126	0.0134165853404514
7,11	0.1208661488450815	0.0295590256723296	-0.0242333023834175	0.0190150708014735
7,12	-0.4874772105293291	0.0312757638312383	-0.2839582547215392	0.0148281139869015
7,13	-1.9068372949930965	0.0460316372502473	-0.6557749303471976	0.0063775521592146
7,14	0.0675211294661039	0.0152750444644179	0.1387805667414068	0.0095402042260763
7,15	0.0542310684335676	0.0428313271760182	0.0181245470453101	0.0082453237279156
8,9	-0.0261596236875839	0.0120577340028424	-0.040550694254266	0.0113027414452639
8,10	0.0327091072902518	0.0166234568191426	0.0241726442326968	0.0134475206246617
8,11	-0.0127675517435225	0.0067003023883413	-0.0149359548760021	0.014155849484137
8,12	-0.026820944336077	0.0154419391415242	-0.0326777453745765	0.0117020900071025
8,13	-0.0051141054416789	0.0167591075712648	0.0079237046710484	0.0181245247795636
8,14	0.0417757359496178	0.0123378679617191	-0.0027118341148393	0.0126519496545306
8,15	-0.0441588337715534	0.0107059146725041	-0.0071043414009494	0.0072283116056845
9,10	0.0061602604176822	0.0176223990216603	0.0157696548839463	0.015938174130092
9,11	-0.0368560207837513	0.015861425912734	-0.0108734439659555	0.0084414283093692
9,12	-0.0724691211531287	0.0155122754941499	-0.0437389846137851	0.0094158101510859
9,13	0.0095578345660535	0.0154201204607321	-0.0049972288613373	0.0095930878538956
9,14	0.0181188358868572	0.014122935698443	0.0027451809204685	0.0085729584416694
9,15	-0.0152841407740041	0.0128429324553336	-0.0056543728165359	0.0152709415444073
10,11	-0.0386445717940102	0.012205173233678	-0.0868193956124251	0.0104931561831021
10,12	0.0608691103072972	0.0253714629034564	0.0251146129975024	0.0196292236627512
10,13	-0.0928483530538859	0.0165208996681947	0.1365467281222193	0.0132391039934887
10,14	-0.0637233016386922	0.0200123576427604	-0.0899751731558636	0.0150168377240724
10,15	0.0297358041687478	0.009635257688287	0.0508701044018583	0.0044785831323605
11,12	-0.0558284671654096	0.0145998047355513	-0.0617129496425593	0.010836120533778
11,13	-0.0451722006225622	0.005933271196744	0.0013681023432599	0.0041326595273202
11,14	0.0611261532197488	0.0077760319218568	0.0255420508065566	0.0093325736074722
11,15	-0.0511587727895644	0.0075996981870443	-0.0271438083475197	0.0115313437575697
12,13	0.1167741909102381	0.0144143818494123	0.21970988827701	0.0086605326966788
12,14	0.0546410885723731	0.0164913276097093	0.0810714159979412	0.0149005784632792
12,15	-0.0567944985514311	0.0105381336470021	0.01298009847688	0.0135415010764154
13,14	0.0306756846683115	0.009808323461333	0.011935138971786	0.009675072026904
13,15	-0.0559362681346043	0.0102070884821254	-0.0875215194761383	0.0172845650570742
14,15	0.0175722220756786	0.0112490066890962	0.013994251069926	0.0117576907586541
1,2,3	-0.0192943591289115	0.0088436591413352	0.004218494137189	0.0044919699651615
1,2,4	-0.0163180867283244	0.0136583889501838	-0.0510121945554552	0.0091096246061565
1,2,5	0.0387701765626546	0.0047854783116968	0.0149618198710056	0.0030557831657445
1,2,6	-0.0252329311087431	0.0027011071754081	-0.0487613278890604	0.0052395167255138
1,2,7	0.0697200396744366	0.0073523292594704	0.0132322237230545	0.004583665481708
1,2,8	0.0096034092314077	0.0035980704605626	0.011628870826341	0.0061194892561131
1,2,9	-0.0133336186650695	0.0109175186090039	0.0012222805796091	0.0061755677026353
1,2,10	-0.0652028314539988	0.0076287281741329	-0.0563768625415952	0.008982369560205
1,2,11	-0.0128652048298983	0.0107490165592096	-0.0319762285560829	0.0075945706217833
1,2,12	0.0362619163724965	0.0107412149437106	-0.0027205282586378	0.0107004221965875
1,2,13	0.0071234644954187	0.0133322654423075	0.0243230163593927	0.0063354427992336
1,2,14	-0.0357569722496418	0.0135527541594375	-0.0129439000487442	0.0082273576231556
1,2,15	0.0261584321753276	0.011685713830776	0.0111518408287125	0.0103705105570803
1,3,4	-0.0460038762463005	0.007940668655763	0.0096038739161055	0.0074632863543872
1,3,5	0.0126247128134133	0.0086515773597991	0.0129668784706552	0.0072065320774352
1,3,6	0.0166647707182205	0.0062429575809256	-0.0130536293180419	0.00520534839891
1,3,7	-0.0517697378088125	0.0265648953070285	0.004882906512905	0.0042765571365942
1,3,8	-0.0031409375062051	0.0090725109501414	-0.0014527778172937	0.006648815242596
1,3,9	0.0135319473838867	0.0066247317105215	-0.0042933335823362	0.0040687709356619
1,3,10	-0.0141620355617674	0.0133790547539097	-0.0250756318362419	0.0090772431987513
1,3,11	0.0039367538010776	0.0089303119881187	0.0054124291076269	0.0094490200765806
1,3,12	0.0301325716816693	0.0086417428098669	0.0340446610824945	0.0075080091988152
1,3,13	-0.0099603561078123	0.0087861946598817	-0.004964337150422	0.0059287276316824
1,3,14	-0.0191585589639253	0.0074715221143196	-0.0035084473885698	0.0074348938503322
1,3,15	-0.0017554229277604	0.0098811964945312	-0.0078105604172412	0.0102254592795392
1,4,5	-0.1001322856507944	0.003543056254126	0.0028726957266671	0.0062338778751594
1,4,6	-0.0249243923991418	0.0043568787501022	-0.1432521607769315	0.010702980644516
1,4,7	0.8043096949162157	0.0416022162540887	0.1611666734575498	0.0133433124898362
1,4,8	0.0371279213843694	0.0093813241177894	0.0055479825447133	0.0072434379743789
1,4,9	0.0088256777963604	0.0097647158336456	0.0131372857521083	0.0053029787145143
1,4,10	0.1039156448690384	0.0113807580731042	0.1506234036231785	0.0058674578405259
1,4,11	-0.0393681226576646	0.0052430008961027	-0.0069668924225278	0.0021132209579862
1,4,12	0.0524168204453698	0.0150436338010471	-0.0151821645856459	0.0121376154318382
1,4,13	-0.0549131052345558	0.0086609966942813	-0.0792178562759922	0.0047814997029359
1,4,14	0.0331096792345399	0.0045231762991976	0.0588161301825014	0.0048318301623475
1,4,15	-0.0691418814544143	0.0098288115023187	-0.0147617185243547	0.0073821000570561
1,5,6	0.013616906381232	0.0057346752981402	0.0389787198096648	0.0026628584571843
1,5,7	-0.2226418811958566	0.0219222541023001	-0.0457620729003865	0.0048048521529412
1,5,8	0.0002185948244772	0.0069978313079557	-0.0063908367335244	0.0069301044851931
1,5,9	0.010648468468744	0.0089997455868214	0.0221288152950066	0.0070579071583812
1,5,10	-0.004501138386465	0.009349795899107	-0.0160537230665622	0.0053745835222459
1,5,11	0.0072504115192426	0.0113263985225439	0.012297366923567	0.0087365062639033
1,5,12	0.0326624437936309	0.0091136371299746	0.0337110961639871	0.0063925480863167
1,5,13	0.0197952605550728	0.0069502281011166	0.020944796952731	0.006757958822982
1,5,14	-0.0031655716537601	0.0068589704757962	-0.0313081837913486	0.006857104398273
1,5,15	0.0101348956727008	0.0062384137489169	0.0081287630672432	0.0044398004064479
1,6,7	1.157974487497678	0.4370133670897174	-0.2631102498089254	0.0075166096084382
1,6,8	-0.0028671999190243	0.0047428065537179	-0.009228876507579	0.0082864747221482
1,6,9	0.0021306622867417	0.004525577699571	0.0005857656839026	0.0078345192167368
1,6,10	0.0489601285354933	0.0071317209976432	-0.0217353625293291	0.0058803230836652
1,6,11	-0.0043682882405496	0.0051084173167601	0.0316171749306409	0.0063789402930942
1,6,12	-0.0287234509274301	0.0046739708265758	-0.0291859657912968	0.0099761626293388
1,6,13	-0.0073909737831885	0.0037127265050931	0.0331201152766033	0.0086752681763957
1,6,14	0.0569341539451133	0.0052767753181586	0.0240912416554957	0.0058551793981514
1,6,15	-0.0016651631281163	0.0020023332874111	0.0165287920085245	0.008339918598066
1,7,8	0.0476157581979765	0.018638955828625	0.0051288636342872	0.0067472159117672
1,7,9	-0.0026986915427874	0.0216284676309717	-0.015114253961214	0.0047082046746578
1,7,10	-0.04069127223468	0.0244543424371784	0.0213053871461695	0.0084536455728226
1,7,11	-0.0784750301613312	0.0250557636306128	-0.0193451674566682	0.0063760609891415
1,7,12	0.2011294295293252	0.0166206223152024	0.0115619381760444	0.0092858469399752
1,7,13	-0.0333820700595435	0.0087291476104407	-0.0420743677796378	0.0111974713477749
1,7,14	-0.0385626233117202	0.0164538708035278	-0.0014608997270333	0.0057089491626586
1,7,15	-0.1664342389418018	0.0194217861230128	-0.0198847072348592	0.0081821942273366
1,8,9	0.0089977318308815	0.0080249361678024	-0.0034953083689451	0.0068142142496931
1,8,10	0.0128061702073413	0.0081396576247219	0.00989101149576	0.0049286595143958
1,8,11	0.0120247372516959	0.0071234247349149	0.0047700335942722	0.0043209344293861
1,8,12	-0.0126506756691126	0.0096086706049667	-0.0094821260496026	0.0060137944055259
1,8,13	-0.0105538644357972	0.0049723854812115	-0.0161419869778886	0.0046473482267781
1,8,14	0.0149364624403732	0.0090987413610695	0.0143772294570444	0.0062655944398383
1,8,15	0.022843228486701	0.0072197141887359	0.0145740368100297	0.0080245848576554
1,9,10	0.0007033867747534	0.0118981808882366	-0.0020873723279194	0.0086920071958952
1,9,11	0.0157366233415603	0.008338865299985	0.0167735787165435	0.0059680656312767
1,9,12	0.0219725928941852	0.0080508178325457	0.0394467903742095	0.006124874095255
1,9,13	-0.0022650280995144	0.0053279796448703	-0.0124046312115439	0.0034709225413799
1,9,14	0.0021041946910199	0.0117217529235031	0.0032040154753643	0.0090446327150213
1,9,15	0.0120865615456392	0.0087717044506381	-0.0048583341491734	0.0074644443988867
1,10,11	-0.0332804050736592	0.0060087867412581	-0.0207787238499408	0.0023287588490574
1,10,12	-0.0305382048745583	0.0101935180567563	-0.0116749211744382	0.0111578561201945
1,10,13	-0.0440596176185691	0.0109582377162264	0.0170958567625372	0.0104648717552447
1,10,14	0.0442214143610322	0.0087748249343621	0.0206499137545899	0.0027503673030136
1,10,15	-0.0051559935260076	0.0065810381938084	-0.0120191332728337	0.0052860959289748
1,11,12	0.0098356537377944	0.0068728340081433	-0.0092423593621091	0.0030535674508419
1,11,13	0.0280586477997535	0.0042518395598387	0.0164110809812119	0.004602009903121
1,11,14	-0.0222261596298367	0.0089143106559178	-0.0170993559903804	0.0059820545488619
1,11,15	0.0058606137249507	0.003510630590384	0.0026468859534028	0.0066492356453953
1,12,13	0.0292884201278597	0.0096280732188398	0.0236770817403403	0.0078180377032474
1,12,14	-0.0185776923857889	0.0102594044952599	0.0094664204697473	0.0040557087886791
1,12,15	0.0282510576755403	0.0041501398328161	0.0285799942817983	0.004905041881426
1,13,14	0.0213739110921327	0.0041107859811298	0.0096457912770182	0.0038617765864044
1,13,15	0.0031845382549586	0.0052223224319622	0.0132029587467401	0.0024955137657381
1,14,15	-0.0099361433557226	0.0066471388233689	-0.0276102871870268	0.0042741470813018
2,3,4	0.2004553277722168	0.0098775422996958	0.0880219759565657	0.0056164680826364
2,3,5	-0.0372618250848131	0.007698048718167	-0.0089177182281753	0.0044620204585913
2,3,6	-0.0076633207809204	0.0042196447815429	-0.1447318258217053	0.0064391933942738
2,3,7	0.5033053359719036	0.0145754607254108	0.2069141370644913	0.0045176627100286
2,3,8	-0.0006138674026075	0.0034046678041252	-0.0079792930309633	0.0027252368327037
2,3,9	0.0135985279635305	0.0037507184321503	0.0041834953618609	0.0044486514663427
2,3,10	0.0704208290878839	0.0115651174101125	0.07555959824357	0.0088530134498779
2,3,11	0.0048995160575755	0.0088687476727201	0.0039618341461416	0.0057666134017292
2,3,12	-0.0466098452436334	0.0079009176634124	-0.0391891128344241	0.0100448477621625
2,3,13	-0.015794880833732	0.0058002393250091	-0.0374627716572139	0.005074634629728
2,3,14	0.0394874586710798	0.0059900513165051	0.0374845263666333	0.0043404832204408
2,3,15	-0.0286562314949107	0.0079747853069857	-0.0268879196601757	0.0070963904607895
2,4,5	0.0538933875444782	0.0042863412597595	-0.0033603407282018	0.0060732798549097
2,4,6	0.0597782545537488	0.0038987494663405	0.0553017912340871	0.0083032662183671
2,4,7	-0.3063049272763935	0.0287863865070731	-0.005787367360906	0.0086377026906359
2,4,8	0.0209688406580765	0.00667283180515	0.0249978849543895	0.0056233365852273
2,4,9	-0.0019138034507972	0.0076695498939919	-0.0030113920488764	0.0068335930577345
2,4,10	-0.0805070853881747	0.0092751636569645	-0.1034802677491054	0.0056790648648077
2,4,11	-0.0118582557091769	0.0093247728604447	-0.0014131804628907	0.0075473796102409
2,4,12	0.0334339628913923	0.0082310025043759	0.0543145718541323	0.0024488017598278
2,4,13	0.0773173823860945	0.0079772378391772	0.0764541632305648	0.0051449251628926
2,4,14	-0.0110669277697922	0.0053415947311489	-0.0312733552407137	0.0042872198487107
2,4,15	0.0430477289026027	0.0049019027407945	0.0165487104336322	0.0042883705296167
2,5,6	-0.0164249966709932	0.002037026537967	-0.0122347575542847	0.0148468448209308
2,5,7	0.0888287025901468	0.0289312420308203	0.0031977982591752	0.0134955997768905
2,5,8	-0.0001134246006355	0.0032915886844966	0.0027022687861787	0.0056276678859603
2,5,9	-0.0071967558013333	0.0124446901255932	-0.0115152818529278	0.0110958856457871
2,5,10	0.0142743173734438	0.0059442109432972	0.0326549911562108	0.0059869908143693
2,5,11	0.0151691252072634	0.0045415918610509	-0.0057209628309502	0.0070517204862733
2,5,12	-0.0094226182998611	0.0062780853051008	-0.021588662399322	0.0024842665121263
2,5,13	-0.0062638182352923	0.004650994637395	-0.0125407074747902	0.0042541257790923
2,5,14	-0.005131268158076	0.0041115811802929	-0.0029059063962979	0.0086291900717382
2,5,15	0.013989892832219	0.0065033534267143	0.015230759674271	0.0093947574746745
2,6,7	-2.6809676924091463	0.2319552530599529	0.2489976392819841	0.0067461899746628
2,6,8	-0.0042591883059649	0.0042430820251066	-0.0003419816980351	0.007238568004668
2,6,9	-0.0038349917603906	0.0028726658427722	0.0191227101660391	0.00622042132114
2,6,10	-0.0309535482980726	0.0024425821696366	-0.0268709603790744	0.0024830645986647
2,6,11	0.0018222232838373	0.0065712599137614	-0.0198871166925848	0.0030496938110274
2,6,12	0.0209417820002973	0.0053020199665295	-0.0030945635151941	0.0057113362433535
2,6,13	0.0031008536041661	0.0048141280198345	-0.0057964316364789	0.0051481245430554
2,6,14	-0.0210835059603603	0.0054273599039837	-0.0121684222988586	0.0084595766932608
2,6,15	-0.0030980357674654	0.0075127419478645	-0.0042598896943025	0.0078921560473855
2,7,8	0.0233152056138251	0.0186871256506316	-0.0047452116314949	0.0058474832698537
2,7,9	-0.0465028304492984	0.0228990632624013	-0.0224982740569703	0.0083891692705044
2,7,10	0.1957394284211071	0.0149257696540342	-0.0034526177692339	0.0066029350669726
2,7,11	0.0509281259628164	0.0099250566734263	0.0235147383047899	0.0043310120489159
2,7,12	-0.1140231433716695	0.0196132616878507	0.0150352283609979	0.0075344999217538
2,7,13	-0.0930009893288611	0.0241820378672007	0.0290157444204173	0.006051568101929
2,7,14	0.0856031748509007	0.0140240241740592	-0.0131952720098994	0.0073725391937562
2,7,15	0.0838473619347048	0.0102985163062388	-0.0073200708614337	0.0063473094365294
2,8,9	0.0131993336637119	0.0082271397100209	0.0146841718520111	0.0034879994940748
2,8,10	0.0121087016482923	0.0039781008562927	0.0158501903932929	0.0033356732136486
2,8,11	0.003895329755448	0.0091083999489321	0.0175522904560552	0.0084665947837792
2,8,12	0.027844220629232	0.0089955376142214	0.0284919209703024	0.0035120946784288
2,8,13	0.0061372927775161	0.0125819010212706	-0.0209006119710365	0.0090166780253442
2,8,14	-0.0112844904968959	0.0089097612190631	-0.0100106515495488	0.0072369809600111
2,8,15	-0.016832416453561	0.0098637045524473	-0.0009239988671792	0.0076806529397712
2,9,10	0.0096009525079586	0.0101514046373805	0.0044222834605697	0.0070936743168741
2,9,11	0.0082960952289494	0.0089573739830885	0.0132827415992209	0.006352029884959
2,9,12	0.0233049722938481	0.0056816124528374	0.0091632427525567	0.0049188565654427
2,9,13	-0.0041579629983701	0.0098306752032755	-0.0004621913239908	0.0076923183012262
2,9,14	-0.0109966741479346	0.0044968014093447	-0.0006712957340841	0.0044214136074673
2,9,15	0.007172688409265	0.0077119921425499	0.0166147754048071	0.0074766554112536
2,10,11	-0.0343098287519847	0.0094684438828105	-0.0161867672653024	0.0087808197561295
2,10,12	0.0486800566438253	0.005793866115325	0.0171618943501147	0.0070101936535817
2,10,13	0.1094615985071759	0.0073687230085207	0.0263591553307609	0.0064947594354732
2,10,14	-0.0572929960148228	0.0144032506813165	-0.0244583579026587	0.00939434198406
2,10,15	-0.0304601010455615	0.0130868929208729	-0.0170049876382194	0.0080058456905147
2,11,12	0.0247440311386856	0.0086341638287825	0.0255489437906784	0.0098790922271593
2,11,13	0.0202717680553689	0.0056712593105484	-0.0033303434967026	0.0009838000171103
2,11,14	-0.0025637288476336	0.0102190720154717	0.0196651274121367	0.0051857530414434
2,11,15	0.0158946272936737	0.0054582603928379	0.006798625608639	0.0039036833396667
2,12,13	-0.0098767770462511	0.0054250375077318	-0.0232489657822451	0.0029659007146308
2,12,14	0.0803811049333301	0.0089476093300878	0.0409956080598983	0.0070707088413107
2,12,15	0.0083127428877864	0.0064400019535613	-0.0049138236225697	0.0052059066290274
2,13,14	-0.0132336051202485	0.0070647055386911	-0.013869377198788	0.0071668227987772
2,13,15	0.0340664204437282	0.0112156020709877	0.0185690413520918	0.0076164866545535
2,14,15	-0.013140915531506	0.0096212219436811	-0.0110990212751604	0.007215469409632
3,4,5	-0.0897870748175651	0.0046243110694121	-0.0504695300454519	0.0034047382990001
3,4,6	0.004683064388882	0.003431050772287	-0.1926031675204615	0.0107778405333498
3,4,7	0.6673090026681442	0.0227118183906659	0.2303574713453844	0.0113089779961655
3,4,8	-0.0095754369518039	0.0078367883845111	-0.0172670782305218	0.0066576948248295
3,4,9	0.0195223839232163	0.0072453909703373	0.0134552229645971	0.0072075176153486
3,4,10	0.0059576614203488	0.0063297283855689	0.0546586433889779	0.0061031846347357
3,4,11	-0.0044444851855148	0.0095364997263783	-0.0032160702868122	0.0058835403365188
3,4,12	-0.0524187035912177	0.0067683453668347	-0.0584392148921999	0.0051393203628214
3,4,13	-0.0273326790278775	0.0046683491196916	-0.0485858729927095	0.0019162730401874
3,4,14	0.0511310338197428	0.0120000813495742	0.0622519286826692	0.0086576335105457
3,4,15	-0.0043436013182102	0.0122639204444409	0.01831573597012	0.0082351461249249
3,5,6	0.0088822519619861	0.0064168033096489	0.0305456976432958	0.0053769699138985
3,5,7	-0.1230068971867987	0.0123628947444027	-0.0278184847128466	0.0062012044954964
3,5,8	-0.002756235434132	0.0050805311607672	-0.0025509127762801	0.0082589643901479
3,5,9	0.0064486713800856	0.0075219291964286	-0.0004178039582464	0.0087862612431085
3,5,10	-0.0164288695948478	0.0059538444081185	-0.0275393458044707	0.0028418004027678
3,5,11	0.0051816045703313	0.0085332515312946	0.0170857932012593	0.0063199913457569
3,5,12	0.0193533760720546	0.0051387955938173	0.021970084711966	0.0072561319338204
3,5,13	0.0100206403126722	0.0100452236987627	0.0117894303743029	0.0066729043039725
3,5,14	-0.0103406713592345	0.0062473547373831	-0.0215432751157416	0.0049175213842465
3,5,15	-0.0055504508965905	0.0056517833628512	0.010834507399895	0.0064922617316957
3,6,7	-1.5378741862584502	0.1444640042667332	-0.081004912563936	0.0090368395033475
3,6,8	-0.0139719782744636	0.0025395219603904	-0.0075749885353106	0.0059911335086575
3,6,9	0.0016404990908751	0.0040564160529181	-0.0266737253377105	0.0073361795651348
3,6,10	0.0244286610325592	0.0029262912048612	-0.0663665857544258	0.004897305747462
3,6,11	0.0001828381197285	0.0037665059967894	0.0125452077768459	0.0073122614873544
3,6,12	-0.0093628426580215	0.0042986043807289	0.0545265249315898	0.004495936254896
3,6,13	-0.0032279218258381	0.0040055491210926	0.0740467825070612	0.0047567085825559
3,6,14	0.018855840883	0.0026826281750241	-0.0400661096698941	0.0079910385314616
3,6,15	0.0030881596646532	0.0041545460610186	-0.0020439198235302	0.008135153177232
3,7,8	0.020814467340406	0.0119603888803609	0.0071221974903511	0.0050038953581505
3,7,9	0.0401959904139672	0.0122713092728123	0.037595210600718	0.0091180195230322
3,7,10	0.0934147723328913	0.0133094626037037	0.0551971023809034	0.0059694991591103
3,7,11	-0.0408196617369162	0.0126965849197698	-0.0166864607992671	0.0082341593043408
3,7,12	-0.1014540506231039	0.0219832495424829	-0.0425699887635079	0.0067218712953393
3,7,13	-0.1365341495598436	0.0226231004127159	-0.0668794397770924	0.0058828224231349
3,7,14	0.0854482584051174	0.0176729779488459	0.0346026669817062	0.0061539445835061
3,7,15	-0.0175586086104312	0.0186283052607104	0.0053569073226216	0.0080806431348262
3,8,9	-0.0015581563716033	0.0049514826908425	0.0124294666267375	0.0082868180729611
3,8,10	-0.0118114525022294	0.0133268643037498	-0.0153028877243383	0.0072079786633931
3,8,11	0.0151360304544417	0.0113685839080908	0.01344091691094	0.00871097979218
3,8,12	0.0113081327439681	0.0055472006481218	-0.0115884863471502	0.0063409330662646
3,8,13	0.0131473259647572	0.009095229530981	0.0039238985110443	0.0068226371994096
3,8,14	-0.0237750430567445	0.0112022816836772	-0.019111263089705	0.0112709642490474
3,8,15	0.0090390347398252	0.0045854296392499	0.0224073933377746	0.010764500054087
3,9,10	0.0210692387114908	0.0093526159617156	0.013778620209886	0.0040517945029081
3,9,11	0.0032015082259578	0.0098437259046206	-0.0057466884611314	0.0056658838417021
3,9,12	0.0174998916385627	0.0083454348261478	0.0066701108566955	0.0090300217944036
3,9,13	0.004110359314612	0.0072421266129728	0.003183205822175	0.0027443000625049
3,9,14	0.0032728328436371	0.0100140043709291	0.0036252384376954	0.0048168646224557
3,9,15	-0.0007245327949767	0.0075688826811386	-0.0068174512533158	0.0057750663303657
3,10,11	0.0121832181893269	0.0041510087007448	-0.0039163960906591	0.003710456814611
3,10,12	-0.0162599221135605	0.0057258259744631	-0.0195380200200644	0.0048547082910491
3,10,13	0.0506893766161006	0.0055348772658312	0.0465213308080705	0.0070261578025061
3,10,14	0.0247987812259561	0.0143916987120986	0.0280366415568582	0.0084963418028511
3,10,15	-0.0020911988568607	0.0069755549980571	-0.0096790751384934	0.0036763349902942
3,11,12	-0.0028570640793985	0.0058223020160653	-0.0124714789380276	0.0071315671666465
3,11,13	0.039073730789684	0.0133597667196528	0.0212829196921539	0.0114522760520741
3,11,14	-0.0193185888196717	0.0072505872719215	-0.0109113460826645	0.0082606108616821
3,11,15	-0.0100555376333089	0.004681024989494	-0.02070038370638	0.0055123580835697
3,12,13	0.0441502411818021	0.0109660735126017	0.0498970978801085	0.0067734594817683
3,12,14	0.0373355378462758	0.008576262514921	0.0543889151218087	0.004968311922503
3,12,15	0.0139550003781683	0.0063342312088982	0.0026851090081387	0.0039835932273258
3,13,14	-0.0120447590776223	0.007106405233723	-0.0222631845755198	0.0079277733194437
3,13,15	0.0264775812543097	0.0099896662419757	0.0103681163863363	0.0119012576621556
3,14,15	-0.0012911153221903	0.0081558254015431	0.0092040095882579	0.0071698929929622
4,5,6	-0.0169505210215138	0.0048976602921758	-0.2127961986722213	0.0043908982745385
4,5,7	0.9223011708207618	0.020718591220575	0.2653100091491479	0.0054419005503003
4,5,8	0.0061923406113316	0.010496301636559	0.0085401241354311	0.0067868426228088
4,5,9	0.0415464479023543	0.012411690886149	0.0175647426204894	0.0092671049960347
4,5,10	0.0524899696638686	0.0106481598979896	0.1250517088585351	0.0056328463749502
4,5,11	0.0210514889101631	0.005246136694619	0.0130652763920805	0.0067359155875455
4,5,12	-0.0111729655941418	0.0122742314554384	-0.0571470022053749	0.011547638394516
4,5,13	0.0055748955966437	0.0044852963408321	-0.0349779222214943	0.0063314995419527
4,5,14	-0.0010742985144145	0.0034641517156667	0.0569032726169359	0.0018617786698296
4,5,15	-0.0641907676020646	0.0031115090157286	-0.0098078767469638	0.0048567743131552
4,6,7	-3.197898597647442	0.3544401744668291	0.9605699174125762	0.0065036243119065
4,6,8	-0.0011565574357465	0.0067589901081533	0.0411063490820843	0.0032028654831349
4,6,9	0.0022641020007939	0.0048970216707258	0.0499166138371331	0.0043047759159005
4,6,10	-0.1596707630125189	0.0051440095630307	-0.0880707604634943	0.0109564178632687
4,6,11	-0.0142178269387774	0.0040393481066664	0.0312926698142455	0.0075886554098342
4,6,12	0.0659524775793603	0.0041237100782377	0.2992557697931395	0.0078659435911797
4,6,13	0.0100696840568071	0.0042969620678376	0.0494493692981104	0.0058304951370002
4,6,14	-0.1404743711513138	0.0033289827406991	-0.1735007247689974	0.008041434098418
4,6,15	0.0005839801973055	0.0079964838665783	-0.1156596270544946	0.0047964701210575
4,7,8	-0.1812002102392406	0.019780201465968	-0.0400235245045499	0.0038316339798932
4,7,9	-0.1559184875748225	0.0222900954968494	-0.031204817918036	0.005434974023426
4,7,10	0.2789890474599479	0.0330613148830822	0.055315393052685	0.0099990966631766
4,7,11	-0.1310198693783961	0.0253252659816547	-0.023035229315599	0.0097453762657467
4,7,12	-1.210460492115113	0.0190221361475934	-0.2626079739381027	0.0070414261740816
4,7,13	-0.2866780318033969	0.0161113943429401	-0.0297563454498366	0.0051278273472062
4,7,14	0.5428924551123359	0.0171082444186309	0.11477948588561	0.0096044174879586
4,7,15	0.5305798211868524	0.020045654233413	0.1135271664612444	0.0031403997689304
4,8,9	-0.0150274259723866	0.0102696308042032	-0.0115275598220591	0.0037866807123887
4,8,10	-0.0311184173033061	0.0087586929344721	-0.010433926546095	0.0071195550424222
4,8,11	-0.0107642639497657	0.0103143584746333	-0.0100313800402355	0.0102081803642477
4,8,12	-0.0168045818600881	0.0120245271481152	0.0013077939860053	0.0061604591174763
4,8,13	-0.0134603755508902	0.0081058961681672	-0.0146174065782374	0.0064981928740414
4,8,14	0.0156325260223545	0.0080134492484358	0.0048476019297017	0.0032963682177164
4,8,15	-0.006477750553741	0.0031886346959788	-0.0287843361588096	0.0078964313874488
4,9,10	-0.0075710834591245	0.005217964930219	-0.0181818317917069	0.002077281402303
4,9,11	0.0143371656220592	0.0085295410805931	-0.0050463372794836	0.00445154022741
4,9,12	0.0037465990838979	0.0096376489567335	-0.0066346074460293	0.005365831188149
4,9,13	0.0093195674280154	0.0089158349650154	0.0232279182620553	0.0075990176178614
4,9,14	-0.0127278668115068	0.0040680510474476	-0.0199450504653683	0.0024985058380008
4,9,15	-0.0109383031242082	0.0079086549811545	-0.0059893094755532	0.0078967975427987
4,10,11	-0.0091311521187678	0.008720654634175	-0.016884692727493	0.0029256050996724
4,10,12	0.0687929138544458	0.0102702609673788	-0.0747610195150373	0.0098852109449976
4,10,13	0.1473196116966201	0.011868428345022	-0.0231774789047546	0.0061225337133161
4,10,14	0.0166322917835086	0.0085686929763097	0.0903381820751391	0.0057588547165211
4,10,15	0.0304645721318587	0.0018852629317834	0.0368055521376539	0.0043685782882818
4,11,12	-0.0137802489223847	0.0075692732587495	0.0087403478138977	0.0053127905987937
4,11,13	-0.0747786622224084	0.0100457403080693	-0.0433235882014747	0.0086789950169628
4,11,14	0.0274475841226777	0.0069020499908536	0.0160106248443221	0.0090291083749815
4,11,15	0.009463066546273	0.0106411336016529	0.0054955765544212	0.0099898431425031
4,12,13	-0.0519808271073409	0.0085366736313107	-0.0132804136889134	0.0048804728876773
4,12,14	0.2228113889865821	0.0110578823758791	0.0939790248612225	0.0098747196842011
4,12,15	-0.0001560801952399	0.0066697826018762	-0.0382366139522459	0.0057262854916815
4,13,14	-0.0171017845627541	0.0086266343501602	-0.069100796565167	0.0102080258441187
4,13,15	-0.0027780439287997	0.00582384736728	-0.0103187093055127	0.0098868670808881
4,14,15	0.0031568394086033	0.0075770703612074	0.0007893832708282	0.0051518852506924
5,6,7	-0.4183435200611628	0.2391043887768201	-0.1450024596523756	0.0114284152802458
5,6,8	0.0054578206267875	0.0037789367861467	-0.0010787781480952	0.0047142670995203
5,6,9	0.0148992912019929	0.003944036814969	-0.0166049836600565	0.0052082792256169
5,6,10	-0.0198631001704019	0.0060080757167227	-0.0407711930683625	0.0081523133485632
5,6,11	0.050677183289515	0.0036694994124022	-0.0050851099091922	0.0058467965601529
5,6,12	-0.0050296822066721	0.003241942017341	0.012516605950307	0.00692488152156
5,6,13	-0.0103439848715461	0.0055781208787965	0.0367870096235506	0.0035323739189774
5,6,14	0.0347581659530403	0.0052122842826733	0.0109433191087367	0.0037201887438154
5,6,15	0.0069173254414201	0.005196511653195	0.0099549709693321	0.0078507658455796
5,7,8	0.0120111606418491	0.0182816195368937	-0.005399340416103	0.0054760818999613
5,7,9	0.0972234467716032	0.0231182756311659	0.022673051304921	0.0062859027901041
5,7,10	-0.0425314662317382	0.0181421316036533	0.0381913670661378	0.0066347604531819
5,7,11	0.1261183740341581	0.0207009663599579	-0.0052891748506391	0.011163870096745
5,7,12	0.0932050885848776	0.0093072594786225	3.00171032493142e-05	0.0059987650199413
5,7,13	-0.0680534501743262	0.0128721015832935	-0.023102476793584	0.0077289486541305
5,7,14	-0.1155763895254532	0.0166341191246757	-0.0280611578168752	0.0070835471255131
5,7,15	-0.133645087593422	0.0078843601568034	-0.0137638343775866	0.0077401327632179
5,8,9	-0.0158951011774056	0.0077243062968203	-0.0191236324212253	0.0048103575986532
5,8,10	-0.004976506991278	0.0057099225630388	0.0010046299941419	0.0063311024964295
5,8,11	-0.0080338135109722	0.0052324859249343	-0.0029583349987048	0.0024323475310503
5,8,12	-7.119989459387267e-05	0.00454884772873	-5.257709955203207e-05	0.0036716258439583
5,8,13	-0.0044548907041418	0.0028941586902602	-0.0041303942333052	0.0014268948526502
5,8,14	-0.0238752820331953	0.0060993175122991	0.0020396433324153	0.002782307063608
5,8,15	0.0140915389714827	0.0118288840113354	-4.9665882846257335e-05	0.0068748907099414
5,9,10	0.0098432957913755	0.0067951823545166	0.0277047488258352	0.0061346048475948
5,9,11	0.0207301003226931	0.0040430246681502	0.0186167264846619	0.005986738131134
5,9,12	0.0023418584927232	0.0060105713109393	-0.008122875518591	0.0057424207537566
5,9,13	-0.0046954770282691	0.0113190767873552	-0.003496640867911	0.0078488822647564
5,9,14	0.0103621534125594	0.0111229561424201	0.0210113315769326	0.0057847574342244
5,9,15	0.005346592292047	0.0116655385774917	0.0058610619975	0.0109571985303562
5,10,11	0.0757982441301091	0.0051289032752085	0.0709295415193201	0.0041360298426532
5,10,12	-0.0339781312683997	0.0099810095256246	-0.0198217095729792	0.0093799110370904
5,10,13	0.0367688974296756	0.0101863629840617	0.054385468082286	0.0074962147370729
5,10,14	0.0289310967302767	0.0087436500958711	-0.0038326158448153	0.0017579586075686
5,10,15	-0.0086202148553178	0.0065973069289069	-0.0121924931608191	0.0023299976526981
5,11,12	0.0014947098952599	0.0051655538988233	-0.0011147655057632	0.0040042791156179
5,11,13	-0.0135454538593541	0.0053007760643024	-0.037509703884954	0.0057086974392999
5,11,14	0.0100640028588339	0.0081121500605686	0.0036663023666795	0.006361140277931
5,11,15	0.0175587099523201	0.0070335016447508	0.0112791567367502	0.007178993277059
5,12,13	0.0166126298272711	0.0081309529002039	0.01995898106548	0.006603596144951
5,12,14	-0.0081073171968838	0.0077605576190284	0.0248089890326221	0.0098256109542774
5,12,15	0.0485658451878499	0.0070808879126047	0.0396483753222355	0.00657936103212
5,13,14	0.0098393968075436	0.0103948161141627	0.0082577287499936	0.0103765988202524
5,13,15	0.002773672917343	0.0044102572647087	0.0120279940166945	0.0036280294364375
5,14,15	-0.0379031041871529	0.00439367024659	-0.024371242269057	0.0043107124733998
6,7,8	0.716322710970031	0.2661932130070773	-0.007991238680868	0.0117747645110716
6,7,9	-1.3182381189982135	0.229080814480916	0.0233479480081177	0.0083140111047562
6,7,10	2.8671990370543696	0.438571457444339	-0.8840478939827229	0.0067104836733425
6,7,11	1.418111640216016	0.3303860534630212	-0.0144243456253603	0.0090920437717252
6,7,12	-2.7290694319102293	0.3290841899180133	0.4480640749477021	0.0042609527589495
6,7,13	-3.1454279063598176	0.1951466026667979	0.5082246048428835	0.0081735068285723
6,7,14	2.7199200131868757	0.288961730816053	-0.4432996878258948	0.0051016329962896
6,7,15	2.124896035064014	0.4175077193548758	-0.1474131503417674	0.002949634772306
6,8,9	-0.0083994122401055	0.0078187208971989	0.0204739428188656	0.0056136201787445
6,8,10	-0.012787426225535	0.0056669938768294	0.0241800836705542	0.0109449300875541
6,8,11	0.0141359523545142	0.0041115589970015	0.016517705147264	0.0090832852432793
6,8,12	0.0117619450116916	0.0046092399054014	0.0114125912739618	0.0073604309661281
6,8,13	0.0073804016080622	0.0039125590901724	0.008191510263229	0.004310671286718
6,8,14	-0.0354022173709106	0.0034504780867991	-0.0007913523429473	0.008928357992349
6,8,15	-0.0050389523245063	0.0064080674649836	0.0096051862124556	0.0069215132240367
6,9,10	-0.009284177008278	0.0030532973319147	-0.0126921702828916	0.0035030261141543
6,9,11	0.0151041233820391	0.0024627222361742	-0.0020667447266824	0.0081286366893559
6,9,12	0.0134482530312774	0.0032309418760213	-0.0067677076225525	0.0062596086376638
6,9,13	0.0028865562734917	0.0052371012845867	-0.0075399709766937	0.005802446828594
6,9,14	-0.0232802301720323	0.0051011689132935	-0.0189001970495094	0.0006890666756104
6,9,15	-0.0107192609927535	0.0023631975254737	-0.0104020470997956	0.0050620108386461
6,10,11	-0.0554096443808724	0.0062213392899293	0.0201252987429591	0.0078262424915304
6,10,12	0.0245852289119343	0.0074607083864918	0.1302332870790093	0.0073232812686885
6,10,13	0.0595779411201214	0.0050576915610815	-0.4110305172970792	0.0055582762850556
6,10,14	0.1136410334901264	0.0016865559165842	0.0033478989047179	0.0063915719420799
6,10,15	0.0077461611386136	0.0045678253854737	-0.0502311599319064	0.0074805348765052
6,11,12	-0.0103991963344034	0.0032328096180856	0.0444259844569606	0.010058468475064
6,11,13	0.0304202856216497	0.0017418249680328	-0.0320105047106521	0.0056141879775423
6,11,14	-0.0669262475880536	0.0056640991211115	-0.0283996779087378	0.0034899504635333
6,11,15	-0.0598065012106553	0.0034506258898084	-0.0235093590943089	0.0050246366043852
6,12,13	0.0353429450305718	0.0024640740079403	-0.3253823869707647	0.0084983978141745
6,12,14	-0.0644054562383245	0.0037099099167023	-0.1510314533758771	0.0069398673565903
6,12,15	0.0315201587754062	0.0060766449342181	-0.0197880473092397	0.0079836267538844
6,13,14	-0.0022451936422287	0.0068845762565399	0.0452909351365749	0.0070536329834337
6,13,15	-0.0316602739176383	0.0042494793211978	0.0170617986989023	0.0089924582222342
6,14,15	-0.0391272698485981	0.0040048568823672	-0.0580721909871498	0.0055030892628947
7,8,9	-0.0412481311840936	0.015620131156266	-0.0122479480821239	0.0050499589210278
7,8,10	-0.0767141891004569	0.02710265968699	-0.0232903951696703	0.0124762831143148
7,8,11	-0.008879978697721	0.0180964282289188	-0.0121017298698869	0.0062627182387428
7,8,12	-0.0099834621288618	0.0130216434032993	-0.0122115013782098	0.0090249955461125
7,8,13	-0.0336490981968968	0.0070436742589177	-0.0118828501241406	0.0033040879619696
7,8,14	-0.05771799562162	0.0090407836932147	-0.0144642538945853	0.0053081860063372
7,8,15	-0.016305050676837	0.0168206309877991	-0.0065568834711025	0.009155744253597
7,9,10	0.0075737580910836	0.0123206063509464	-0.0025199557784581	0.0052429363746875
7,9,11	0.0486168815786649	0.0108031994180036	0.0055729005501703	0.0082042318790741
7,9,12	0.0161701170962027	0.0221905578622105	0.0218102291053709	0.0065425122849539
7,9,13	0.0003755944080122	0.0073572813235861	0.0099333436299328	0.0064291238291102
7,9,14	0.0119292087801745	0.022969953668594	0.0065356746146276	0.0049595941795877
7,9,15	-0.0123044448823655	0.0194774530164366	0.0107644717110603	0.0070119912226592
7,10,11	-0.1759920097764319	0.0282901713492043	0.0224988980435655	0.0103441196395345
7,10,12	-0.2418330293365903	0.0165243207850608	-0.1153716797258444	0.0047902806543479
7,10,13	1.756448550580195	0.013831353594243	0.4182696441498977	0.0059430166250995
7,10,14	-0.0500310678681682	0.0200524315554284	0.0613033424105689	0.0079010568146045
7,10,15	0.0455218013766773	0.0245317933953504	0.0760315940817758	0.0073270621130414
7,11,12	-0.1831555694568876	0.0132036534998853	-0.0398866068818762	0.0096767804144557
7,11,13	0.1966500590849605	0.0187970744938904	-0.016853861219762	0.0066454401230619
7,11,14	-0.0219998909848183	0.0181173008784173	0.0132299508234126	0.0083787092930484
7,11,15	-0.0155403985520197	0.0183898969085643	0.0406238937857967	0.0019096209300154
7,12,13	0.9126682985497162	0.0193218908033913	0.2839498431098617	0.0106419443918372
7,12,14	0.287698716077171	0.0166198501016034	0.0125247864833761	0.00403730846107
7,12,15	0.1663897345509897	0.0260660370314932	-0.0179087864133817	0.0088837595113545
7,13,14	-0.0232227875761288	0.0078303482134696	-0.0862680774218983	0.0061383814245706
7,13,15	-0.004336536016981	0.0238934373394883	-0.0431250080416137	0.0097334644590667
7,14,15	0.0973262854497194	0.0177567133868837	0.1134880427703469	0.0044691237085828
8,9,10	-0.02872135608795	0.0036607989870799	-0.024545984107695	0.0022595293101561
8,9,11	0.0007544716145071	0.0077827272221058	-0.0007774501758126	0.0036421912188725
8,9,12	0.0169647449116078	0.0087705170888697	0.0307114261125233	0.0089412697241615
8,9,13	0.0146240338909482	0.0034346271340262	0.0141827788899543	0.0044929549082451
8,9,14	-0.0022091910682465	0.006403639627693	0.0003141002018509	0.0045121067905697
8,9,15	0.0409524556437276	0.0080055467942104	0.0227494279966721	0.0083502863108042
8,10,11	-0.0213094721794725	0.0042869577314576	-0.0252376809762977	0.0070693153359779
8,10,12	0.0125845239300854	0.0044202900210854	0.0124877072703568	0.0066547070060627
8,10,13	-0.0223468504398758	0.0058918162787638	-0.0264960253659268	0.0044661568442298
8,10,14	0.0170949758936543	0.0053541709529435	0.0097772556452375	0.0036236379395244
8,10,15	-0.0017840597357631	0.011448394973543	-0.0318078557678458	0.0108830327028931
8,11,12	0.0049987987342153	0.0107081891650929	0.008823855157066	0.0126174055956133
8,11,13	0.0074303682170544	0.0058150473093065	0.0118020993062085	0.0079672172371799
8,11,14	-0.0117487624524443	0.0093333916716644	-0.001341964047944	0.0070127032285596
8,11,15	0.0289915518318444	0.0069673714849525	0.0070067810438684	0.0093058778126922
8,12,13	-0.011358784275333	0.0077429250856538	-0.0041625708370333	0.0052242960650749
8,12,14	-0.0338342048481665	0.0067406033724348	-0.0095104538901499	0.0085482199386797
8,12,15	0.0378477278383994	0.0106979702693859	0.0086630370702206	0.005572777345012
8,13,14	0.0321953096498217	0.0051197373408908	0.0296531708796636	0.0048498979526787
8,13,15	-0.0073474398473172	0.0061357483875661	0.0085436463895524	0.0101714762946953
8,14,15	-0.0198845375936795	0.0048169620788042	-0.0163915926154368	0.0085242497626445
9,10,11	-0.0114188484568643	0.0072340329448591	-0.0089060531768862	0.0058088129749906
9,10,12	0.0206434510789397	0.0039682965290333	0.0028832893679499	0.0034645726608346
9,10,13	0.0018418889775826	0.0046430181434418	0.0091730737553645	0.0031944487034662
9,10,14	-0.0181627163225055	0.0131669999495727	-0.0198886533580675	0.0127331873958732
9,10,15	-0.002120717302072	0.0056940616005116	-0.0069089866928039	0.0036630017313976
9,11,12	0.0277611510304819	0.0090315996614011	0.0197889022434504	0.0057967117416987
9,11,13	-0.0121114838669593	0.0059440333322771	-0.007403168737383	0.0061673309634213
9,11,14	0.0046671819086061	0.0058204338769269	-0.0036526358526996	0.0025635386151329
9,11,15	-0.0135566345191999	0.0049079233211197	-0.0166932395220843	0.0046152078326793
9,12,13	-0.0046834079403531	0.0072564712959124	0.000423285753905	0.0039629554624663
9,12,14	-0.0160923021216797	0.0099439855278583	-0.0123661495120828	0.0085767173612172
9,12,15	0.0104101612198577	0.0111515251061735	0.0093702620496584	0.007844059594611
9,13,14	0.0100296784930972	0.0049151504715065	0.0126846941073745	0.0068355111523887
9,13,15	-0.0318987999347285	0.0024261958877737	-0.0218263947650055	0.0059126366752174
9,14,15	0.007307159014276	0.0104400997733379	0.0142698674252272	0.0053498198015836
10,11,12	0.0499995111341455	0.0073639793190534	0.0176640217818319	0.0067998636330732
10,11,13	-0.0003080594610974	0.0114174088967783	0.0399126390370282	0.0079527670962451
10,11,14	-0.0342584023965082	0.007614134230938	-0.0188815708885526	0.0076928395470445
10,11,15	-0.0129244936076252	0.007396288663424	-0.0137183156967128	0.0072464144074213
10,12,13	-0.2336786827781867	0.0065072290274312	-0.1381764698350615	0.0067267698408244
10,12,14	-0.0130226292862242	0.0072378308983386	0.0353363101786842	0.0074428935223013
10,12,15	-0.0531885397943267	0.0055593654737648	-0.0369226188754822	0.0067346079391034
10,13,14	0.054829584381972	0.0146023043275109	0.0893984369140644	0.0122744527005226
10,13,15	0.0413359478919771	0.0052231684559377	0.0527357945323822	0.0051223312498008
10,14,15	-0.0428186667799271	0.0059772699295938	-0.0268324651229749	0.0029984539655803
11,12,13	0.0996541676424872	0.0097700004381555	0.0861940115227717	0.0051205649175529
11,12,14	-0.0835746290819466	0.0139276220166209	-0.0664273060812307	0.0077806831821049
11,12,15	-0.0247651672848214	0.0049149260756254	-0.021672058455828	0.0033854763323099
11,13,14	0.04629029009091	0.0081923100370329	0.0405504150706508	0.0050861070718154
11,13,15	0.0596911541794919	0.0106382737329783	0.0477573370753579	0.007553596372452
11,14,15	-0.0092203300505319	0.0085768779302888	-0.0248943887780941	0.0017614631075251
12,13,14	-0.0718980509928153	0.0067042163734666	-0.0440866463459548	0.0080061543634804
12,13,15	0.0612312527482886	0.0053976122205213	0.0569676194775577	0.0033097816124723
12,14,15	0.040822815741507	0.0034814835145922	0.0391280701103351	0.0028404230457138
13,14,15	-0.0500876163213447	0.0076763227482492	-0.0376740442966472	0.0095866168734128
