Params: 	121
Term	Coefficient	Standard Error	Coefficient_Lin	Standard Error_Lin
Intercept	9.960366189871262
1	-0.0298697368502307	0.0043840923390251	-0.0475082927628312	0.0030392386699479
2	0.0525841082529997	0.0026694566192453	0.0274713550284989	0.0022427166611973
3	0.0447503857711748	0.0046138220499796	-0.006113319221724	0.0026450027761037
4	0.4661964544542823	0.0071584729641939	0.3759834606010984	0.004519774243126
5	-4.024301959345651	0.0244666748409849	-2.9455888599313385	0.0040144416826073
6	0.0130160269581126	0.0066554597346188	0.0174709180385128	0.0036950051073104
7	-0.1079044848586736	0.0040170900327816	-0.0603470734817928	0.0013459846442686
8	-0.030498236360828	0.0036226931911227	-0.0372440564095188	0.0022478906381502
9	0.0537038159728972	0.0072812942087052	0.0704029937431567	0.004650800508488
10	-0.294762990347886	0.0079289065914593	-0.2426048975489592	0.00360010668043
11	-1.0264836691099204	0.0043282869351586	-1.0246670501949184	0.0031704138365607
12	-0.0248690851667086	0.0044011464443921	-0.1206936735842954	0.0027781110476535
13	-0.3172199536944872	0.0022183005221922	-0.2558066472340758	0.0018315888285289
14	-0.3644505227593412	0.0073640622661784	-0.2974076402904629	0.0034262286222496
15	-0.1036182008016322	0.0073818813982133	-0.0289508896540837	0.0018510951227663
1,2	0.0237661481531771	0.0021103598400527	0.0133485507376787	0.0012416877372506
1,3	0.0177728839899559	0.0033590433172126	0.0102162269227292	0.0018074723246829
1,4	-0.1204758077040899	0.0042250637747551	-0.0590498563789181	0.002108305173385
1,5	-0.0287939329203249	0.0520696238995629	0.0702496972280461	0.0015329547239075
1,6	-0.0022674274250939	0.0028684535591526	-0.00098506696892	0.0016427194691763
1,7	0.006125355820658	0.0024370421227371	0.0015237297477852	0.0013389016554839
1,8	-0.0026961893885176	0.0022746499252213	-0.0022773583308243	0.0017616030949274
1,9	-0.0023900808215756	0.0021773105838609	-0.0020306535476528	0.0018160778217861
1,10	-0.0053893467859363	0.0033369824983088	-0.0026678749679058	0.0020922016373842
1,11	0.0008331408394781	0.0027339188685886	0.0003203636152729	0.0011928580469583
1,12	0.0127119475340457	0.0022041940008175	0.0044372833150407	0.0016948060918961
1,13	-0.0065851773319642	0.0032713879726532	-0.0067066190502017	0.0018067146146748
1,14	0.0046199642653485	0.0040970061773285	-0.0005753124810357	0.0029183537757227
1,15	-0.0074959438871709	0.0027869429125344	-0.0013070891264552	0.0010664586400405
2,3	-0.1439217523881456	0.0012001123159523	-0.0725163128253031	0.0008387683657931
2,4	0.0142666098351247	0.0050970426157578	0.0057222437029531	0.0029190711337114
2,5	-0.044742410619292	0.0156379420479467	-0.0012412089842988	0.0013989311245308
2,6	-0.0012578120114108	0.0021372708960522	0.0001567031266069	0.0012339527748463
2,7	-0.0018558574211896	0.0044888871220998	-0.0024750613537945	0.0018200845719231
2,8	0.0050333510772326	0.0021270171932362	0.0022666853157764	0.0011957587124
2,9	0.0056874787400576	0.0019217172094765	0.0024055343435135	0.0014698543694353
2,10	0.0052341796405967	0.0032715615185635	0.0036959625828845	0.0020277405410482
2,11	0.0034295559744274	0.0028397466807265	0.0008541364770595	0.000826828565971
2,12	-0.0094276471481682	0.0030166436417862	-0.0032408764162121	0.0014565251570312
2,13	-0.0041603100337705	0.0022495994746568	-0.0019308978456817	0.0013290477695194
2,14	-0.0132091353266291	0.0018751258650536	-0.0044035307971791	0.0017419847384984
2,15	0.0129811987574843	0.0021040950603933	0.0038324870095409	0.0016886935023559
3,4	-0.1090159679926724	0.004382685079494	-0.0548091932205335	0.0023393112920954
3,5	0.0182590736672454	0.0200643036674231	0.0632672232228405	0.0017501383577269
3,6	0.0001271614793343	0.0030958684237663	0.0017645341155484	0.0017685585794443
3,7	0.0084711582877666	0.0027699942285277	0.0032834603738498	0.0012557373486759
3,8	-0.0031107764782085	0.0002377573185163	-0.0043100036996231	0.0008909436807121
3,9	-0.0046296667175556	0.0042063192332636	-0.0005997624644698	0.0025481079561861
3,10	-0.0008632373713455	0.002772154496339	-0.0006644539905914	0.0009918994994098
3,11	0.016417468582055	0.0063052047853794	0.0066328838610195	0.0030610789872738
3,12	0.0027384339515894	0.0022749923247175	-0.00132023068164	0.0012566149643305
3,13	0.0145291767909643	0.0022332025913078	0.0058476650830278	0.0011551562272318
3,14	-3.536995564837244e-06	0.0021785699356665	-0.0033384960989369	0.0015156428804483
3,15	-0.0127185352501207	0.0031377599086092	-0.0039002587304867	0.0013204194305197
4,5	-0.2816626706750686	0.0225073461856896	-0.2953481159548357	0.0018417162341945
4,6	0.0104124844123597	0.0031074731793153	0.0054378671820011	0.0013154299912282
4,7	-0.0148798812575057	0.0025427534787692	-0.0079639574326501	0.0013416695067634
4,8	-0.0038372448507098	0.0013634160444813	-0.0025429420113704	0.0014134424259483
4,9	0.0015876573472113	0.0049434052586893	0.0014634772995749	0.0028421791812028
4,10	-0.0222541013610643	0.0034613385872363	-0.0097920344252415	0.0023500147657291
4,11	-0.0131382702138874	0.0022493028744356	-0.0036120964044561	0.0013581349313512
4,12	-0.0614278323134878	0.0022402734228785	-0.0273904981382423	0.0021319701998306
4,13	-0.0081209103621314	0.0032386403294304	-0.0027868261816537	0.0021735482702819
4,14	-0.0183110127066923	0.0034009008596066	-0.0054973336716702	0.0020281435952858
4,15	0.0047616358552818	0.0042727739592533	0.0012900033797638	0.002110419606969
5,6	-0.035506989258816	0.0133040240274606	-0.025092050444521	0.0019893314328324
5,7	0.0083805757514192	0.0165261714342798	0.0243237669023514	0.0013780348385561
5,8	-0.0229889448308127	0.022556554771589	0.0477444864045825	0.000437341381735
5,9	-0.029751718339759	0.0218240872550258	-0.0874305836800528	0.0014133298732826
5,10	0.0564059650717516	0.0318395366968541	0.1900750146997046	0.0016409204533047
5,11	0.8360723517603363	0.0569749318237347	1.0163502039384111	0.0017518707326249
5,12	0.1563685118240707	0.0187716353903997	0.2146220758047486	0.0015559805510753
5,13	0.1657295885232859	0.0466174550377793	0.2048864181235806	0.0027122936625374
5,14	0.065221438504098	0.0391279051884437	0.2311572186259193	0.0011298756349715
5,15	0.012011152146533	0.0148921512419678	-0.037810288396986	0.0017645307035813
6,7	0.0177723909681337	0.0032172932818734	0.0079843799629607	0.0015322498266275
6,8	0.0013820314667127	0.0019775861439652	0.0016954312512246	0.000877109752458
6,9	0.0030550686375628	0.0016063278935759	0.001725442355998	0.0009025609361928
6,10	0.0102488180587725	0.0033552381512133	0.0055598217925429	0.0014484971898112
6,11	-0.0009719216816577	0.0020138167850488	-0.0010817644477425	0.0008863433644314
6,12	-0.0024928764015792	0.0021779355084137	-0.0005094909461518	0.0010124191345392
6,13	-0.0112757081969865	0.0039574588342006	-0.0057860304270123	0.0016419098058025
6,14	0.0040181112862304	0.0029346022158271	0.002727731711875	0.0020692874679453
6,15	-0.005737046163901	0.0035622747269974	-0.0045051682813702	0.0018907613171624
7,8	0.0160546183101813	0.0019566051322257	0.0061790343647512	0.0005650087003979
7,9	0.0124721084953619	0.0024973680223072	0.0054014105255536	0.00070074564415
7,10	0.1982404203762611	0.0032123356809289	0.0955018490888193	0.0014939040474774
7,11	0.0615386516413867	0.0026740677115009	0.031282493684935	0.0008292761907621
7,12	0.0669234289123527	0.0026531126919707	0.0323566112099243	0.0012396899640155
7,13	-0.1298363845306263	0.002294629061922	-0.0636538843664372	0.0012110796016304
7,14	-0.0443231024678428	0.003633877855619	-0.0210913588924989	0.0022630594265804
7,15	-0.0308991247540312	0.0057687055703527	-0.0157106879082089	0.0023688533221631
8,9	0.0056383571304458	0.0028272466256062	0.0023631182279436	0.001102124735666
8,10	-0.0485947373430308	0.0023424066220102	-0.0244318222875544	0.0015025038192434
8,11	0.0232438148338232	0.0024891303037364	0.0124707218699427	0.0011722949240164
8,12	-0.0224676406125675	0.0022362194690731	-0.0097640643356786	0.000864798212445
8,13	-0.0048308220280488	0.0020052385035398	-0.0021957402465854	0.001511065616853
8,14	0.0170641717483751	0.0013363292192408	0.0093976432321002	0.000721939154945
8,15	-0.0170557697470213	0.0033539062415977	-0.0090910241738654	0.0026138261612249
9,10	0.019433852042558	0.00250113519501	0.0094630080227633	0.0020966291710526
9,11	0.0278993293014409	0.0025694408215775	0.0125429494648155	0.0016059383895759
9,12	-0.0001173358871339	0.0036554814646629	-0.0010428870425597	0.0022492400795782
9,13	-0.0015778604865947	0.0037424259626603	-0.0018085763681255	0.0017833585177499
9,14	0.011381844693198	0.003239976497023	0.0032230215319202	0.0011621090218392
9,15	-0.004559286191954	0.0022462871917142	0.0005906179424858	0.0009561953158428
10,11	-0.0344194435006148	0.0033397497143325	-0.0156583923151617	0.0012877778441688
10,12	-0.0712117577859635	0.0046359238483833	-0.0321013274076922	0.0017869525372869
10,13	0.1416172229473086	0.0031672322463207	0.0677079662992238	0.0020226225432318
10,14	0.007120647607893	0.004265680760506	0.0050847256231977	0.0025828191875182
10,15	0.0040026923214048	0.0033656866630005	0.0014732962671701	0.0015845472095533
11,12	-0.2100188431228772	0.0030970930459008	-0.0989482083797231	0.0014011235775181
11,13	0.0757963281061162	0.0023454511765094	0.0397494515034422	0.0017627101842524
11,14	-0.0073561667727719	0.0034411856677877	0.0027756593322699	0.0015447563516111
11,15	0.0646903479521361	0.0026959653835852	0.0284198212285879	0.0009356351916094
12,13	0.1205804095463933	0.0052842666042743	0.0565730899812833	0.0031862081859523
12,14	-0.0878005534697059	0.0027705102928711	-0.0415659619503999	0.0012229426306513
12,15	-0.1286556112724509	0.0030821082428166	-0.0670072794271793	0.0018113882235667
13,14	0.001239703500439	0.0044101604331494	0.0019866361351383	0.0023630801690959
13,15	0.0330013108676928	0.0019219086453745	0.0153586447537418	0.0013562899023764
14,15	0.3811909217275355	0.0040840468821588	0.1837786134298101	0.0019414496543051
