Params: 	16
Term	Coefficient	Standard Error	Coefficient_Lin	Standard Error_Lin
Intercept	9.34379223688845
1	-0.3607699392401677	0.002803338625724912	-0.36076993924016865	0.0028033386257252553
2	-0.18476694033089897	0.0020021323298909577	-0.18476694033090055	0.002002132329891222
3	-0.21713439203583945	0.0016050227017265879	-0.21713439203584003	0.0016050227017276647
4	-0.2689844438980099	0.0015160335391900214	-0.26898444389801107	0.00151603353919034
5	0.09121840341298917	0.0015722677869716044	0.09121840341298906	0.0015722677869712202
6	-0.009980730677182975	0.002018464898697099	-0.009980730677183398	0.002018464898696533
7	-0.055414563056399926	0.0038527211830168095	-0.055414563056400336	0.0038527211830163867
8	-0.004052376175426505	0.0023806021274325132	-0.004052376175427019	0.002380602127432185
9	0.014502118049439346	0.003112846792056926	0.014502118049438767	0.0031128467920567933
10	0.020636009215412133	0.0022672496648847864	0.02063600921540923	0.0022672496648835326
11	-0.02892419481001639	0.004012233789047262	-0.028924194810016745	0.004012233789047825
12	-0.012561914662880976	0.0014538438727686156	-0.012561914662881358	0.0014538438727683687
13	-0.08894479964709179	0.0016105223328660393	-0.0889447996470921	0.0016105223328657943
14	-0.0311877382728244	0.0038401440551546835	-0.031187738272824943	0.0038401440551546714
15	-0.0036512187758027713	0.003205594807496619	-0.00365121877580308	0.003205594807496668
