Params: 	576
Term	Coefficient	Standard Error	Coefficient_Lin	Standard Error_Lin
Intercept	10.104495665256689
1	-0.0056692108466707	0.0134925318495506	-0.0213893912605108	0.0160919770274925
2	-0.0229197713964626	0.0138943297689897	-0.061286087738492	0.0081243495334005
3	-0.022805062949086	0.0235454695705186	-0.0304619457795541	0.0172317939348931
4	0.0711384189496404	0.0200676294335772	0.0973556981333088	0.0024698598917538
5	-0.0143292842856852	0.022955002694223	0.0399610963734885	0.0100499191166859
6	0.01448834334146	0.0151322087285015	0.0035936000602163	0.019214548736284
7	-0.1541960625113551	0.0208288836301956	-0.2217965223309198	0.0141028220602868
8	-0.0064621630208573	0.0092234379220594	0.0202678424631762	0.0112640133044624
9	-0.0466409898045719	0.0140077661741493	-0.0776747190491008	0.0046491626617738
10	-2.8802115703660323	0.1430057803982102	-2.430681483892912	0.0228298902275672
11	-2.7225321886110976	0.0196184126168933	-2.8770947219441108	0.0152916729248649
12	-0.0839026209626918	0.0092996811683048	0.0220121051780413	0.0037077212820043
13	-0.129272159667269	0.0188914464571259	-0.2569697952665902	0.0113795629468428
14	-0.0542607386070418	0.0170173388498085	0.0328261450667303	0.0110928825215047
15	0.0076958300820927	0.0153200592503204	-0.0307271821051291	0.0197415143082307
1,2	0.0180504611197637	0.0043295141231767	0.0259368764736341	0.0052157068189453
1,3	0.0127098242781813	0.0086327437010676	0.0095482362006771	0.005603643003012
1,4	-0.0134745485696908	0.0100689400537276	0.0075443827912968	0.0099580497236773
1,5	0.0058054662992102	0.0101945393968903	0.0198548052208619	0.0096625168539147
1,6	-0.0241788596529459	0.0160653518572377	-0.0009290526240447	0.0045852348831159
1,7	0.0376528559275266	0.0292291505466421	0.0012240919584708	0.0064790397482344
1,8	0.0269309124557947	0.0097014545034468	0.0194878969480273	0.0035030903812554
1,9	0.0291320127436368	0.0109149147254936	0.0265023085929269	0.0102126623568106
1,10	-0.0285420911035763	0.0244830318504813	0.0696751671791104	0.0152747566837292
1,11	-0.0578151390944493	0.0175318555211368	-0.0350887170892395	0.0137394797627482
1,12	-0.0065710076612969	0.0122315498656033	-0.006156252602649	0.0092026677054137
1,13	-0.0132441468928595	0.0105960179868121	-0.0058211040239956	0.0077045003520366
1,14	0.0282800349398819	0.0178981592609327	0.0507140339959526	0.0095220273972463
1,15	0.0125908746582042	0.0120879390717554	-0.0100647373360046	0.0099218808395276
2,3	0.0052482576400909	0.0073998669327884	0.0204917145417233	0.0040062469814471
2,4	0.0075533797191246	0.0130452040179848	-0.0021906750779844	0.0120704656040313
2,5	0.0217393236737362	0.0114326662353372	0.0110145433007821	0.0108389700176293
2,6	-0.0066148897990128	0.009797681540435	0.0091837345129565	0.0065572652680554
2,7	-0.0165020965031025	0.0126834962147251	0.0095508614554894	0.0097151597353008
2,8	-0.0167712040706846	0.0149970636939025	-0.0099473142746319	0.0058639879507272
2,9	-0.0127121150190028	0.0120133782981726	0.0059033540858273	0.0096491405462311
2,10	-0.0490767842932316	0.0323301566803671	-0.0112634060996721	0.0043072744056441
2,11	-0.0391294014100111	0.0110113688653455	0.0443170060866834	0.0053058135605675
2,12	0.0397371724309495	0.0134927044147492	0.0311725162625725	0.0081878269313835
2,13	-0.0155787950276908	0.014949039141201	0.0239950163916187	0.0065838290948651
2,14	-0.0406982153605841	0.0126992905513913	-0.0360888811565102	0.0033682250791571
2,15	-0.0047504040150054	0.0182424545018653	0.0053915995172982	0.0140645650288403
3,4	-0.0333654711831268	0.0167279320973246	-0.0192352557341005	0.0096820387691822
3,5	0.0102842744615817	0.0119817878382475	0.0193583421819051	0.0099122915065318
3,6	-0.0176563209113465	0.016126052920793	0.0002572160117012	0.0155605045075355
3,7	0.0257431635988736	0.0130639694472156	0.0248290699806206	0.0046978241360244
3,8	0.018983262702436	0.023633827947729	0.014240482682922	0.0106131157370155
3,9	0.014796643084326	0.0158743606342578	0.0122646748605992	0.008128936697412
3,10	-0.0541164463620365	0.0406682089488212	-0.0017373006173715	0.0139264796771058
3,11	-0.0971829818870351	0.0206686528952557	-0.012410842066937	0.0113909551887625
3,12	0.0552185666922216	0.0133078792468021	0.0202093405103924	0.0073976532733885
3,13	0.0322604133657394	0.0128729561138021	0.0070313742797797	0.0145156530728205
3,14	-0.0061858702531971	0.0183027162612839	0.0021260225660227	0.0118033378189695
3,15	-0.0080233320998493	0.0183212964435052	-0.0004899047214758	0.0103480025616512
4,5	-0.0476544565157651	0.0167079987750743	-0.0761932882276801	0.0083364605636405
4,6	-0.0127685318198559	0.0153464590427249	-0.0327062638078364	0.0103501342420088
4,7	-0.1307076537636199	0.0095558336270305	-0.06569937496256	0.0010378712401698
4,8	-0.0098346759931504	0.0129037230992405	-0.0530721099639424	0.0106649242363778
4,9	-0.0614186387116883	0.0138265813202959	-0.0788424567620551	0.006333330858508
4,10	-0.2395546038576982	0.0888800760640064	-0.1427485396651773	0.0154849724996414
4,11	-0.2533142316330957	0.0340957679722631	-0.0577278499557315	0.0103033281835793
4,12	0.0614436744238609	0.0131359343873592	-0.0149752615880467	0.0088056133753343
4,13	-0.1127378102091428	0.0129065914114349	0.024904454151416	0.0074164141578425
4,14	-0.0905100818298432	0.0055838005701618	-0.2032550832706897	0.0084411801706359
4,15	0.0096408608405733	0.0216601122865846	-0.009546852207424	0.0103267892257448
5,6	0.0031163052251475	0.0050052208541948	-0.0102758095037645	0.0188912201693801
5,7	0.050469460131823	0.0173512079142222	-0.0239849143878159	0.0109050932659227
5,8	-0.0005073567473134	0.0131565915151071	0.0027960865451657	0.0068894418958157
5,9	0.0097163886424509	0.0065918325621964	0.0192447262153458	0.0027589551260187
5,10	0.1449878431679151	0.0260783662381757	0.0788053897229256	0.0112193820809377
5,11	0.1407909828223229	0.0145166944966636	0.0449083133355283	0.0086907065796231
5,12	-0.0005423525060874	0.0184935816969748	0.0399778858386586	0.0078116455760085
5,13	0.0500758302479683	0.0100982832682247	-0.0374627132155121	0.0091438575373477
5,14	0.0788804039166505	0.0081845111094494	0.0395787653835314	0.0052666973085311
5,15	-0.0190366183092609	0.0147017926137988	-0.0135626034506899	0.0056815543168092
6,7	-0.034559612605339	0.019210400671804	-0.0153675397414954	0.0117920479276666
6,8	0.0202377257531195	0.0099543183878242	-0.0167849377571831	0.0098670060488002
6,9	-0.001780140402155	0.009623612747978	0.01349966067973	0.0050918405655872
6,10	0.0488633175205734	0.0189203188149459	-0.0099806889716085	0.018437031375747
6,11	-0.0166988292814864	0.0120985632696351	0.0086445355401455	0.0111218346588087
6,12	0.0186331452233667	0.0105947576308632	0.0115911104504716	0.0080590682727394
6,13	-0.0093894059361149	0.0109837103983969	-0.0028485914680344	0.0108937101210096
6,14	-0.0146392445134483	0.0120075864328257	0.0187098576513221	0.0116945485051888
6,15	-0.0011073215818199	0.0126787884286403	-0.0043407863177179	0.0036296211376418
7,8	-0.0159186244597855	0.019460379315591	0.0006999623023728	0.010214531947214
7,9	-0.0026689055251507	0.0124707709039924	0.0251146464541991	0.0097239864379508
7,10	0.0491986791912094	0.0277712572973618	0.2152952541464013	0.0157497836007279
7,11	-0.1938077443823087	0.0186249687546693	0.1480854274845204	0.0049846291501457
7,12	0.0935938384593563	0.0096410676505331	0.0546047302276779	0.0101580041395398
7,13	-0.5465738491986357	0.0188746918654578	-0.3482922516265912	0.0097312713339431
7,14	0.1014190418477693	0.0157640947785832	-0.0244221537780878	0.0122954672397565
7,15	-0.0002682466188497	0.0115160123904969	0.0334937963052804	0.0146538607399389
8,9	0.0196200615422521	0.0162785394695278	-0.0124113444101435	0.0099580640052058
8,10	-0.0229285285215196	0.0145197239704258	-0.2224372294112684	0.0096705993723116
8,11	0.0062876695630472	0.0132993301558248	0.0314010466015917	0.0062378098261301
8,12	0.0283180961808486	0.0062271605853558	-0.0365264731927468	0.0066184604954294
8,13	-0.0171967663912864	0.0051947668167862	0.0021182941006575	0.010985665667822
8,14	0.0162861744670084	0.0146512205484841	0.0127864870742242	0.0079240265972076
8,15	0.023029681933065	0.0057707636828401	0.0234112758401983	0.0102104147608365
9,10	-0.146545026725362	0.0357364796884864	-0.1274554866485811	0.0141651716740904
9,11	-0.109622052884476	0.0290636978261209	0.000187609107238	0.0062651115016046
9,12	0.0319949916750713	0.0045797231020934	-0.0023311688003328	0.0094832506323967
9,13	-0.0059742104288497	0.015477245978525	0.0150907213749677	0.0079460854453499
9,14	0.00636668857402	0.0042975307259902	0.0251504142458231	0.0107589787065608
9,15	-0.0016854741425656	0.0227551120685458	0.0163251994627463	0.008962236835356
10,11	1.4633114271705208	0.032507141509183	2.242371076279001	0.0057094329682672
10,12	0.7540458724574767	0.1350609257528091	-0.0588012282039987	0.0088770267037629
10,13	0.4431928057586495	0.142115354626075	0.2464903781443365	0.0146113661194842
10,14	-0.1246331477806046	0.0125756465325583	-0.2031366384232066	0.0130059410506954
10,15	0.0604412270059378	0.0247080791765477	0.0131054438923956	0.0065857572481821
11,12	0.0075192219787654	0.0139299468238475	-0.1117487653356443	0.0098331439980303
11,13	-0.1216333307321635	0.0206128877955179	0.1954908194682879	0.0101798262217884
11,14	-0.2331874577148859	0.0181643899856799	-0.0453809553726386	0.0114442089154422
11,15	-0.1608776675631106	0.0126287707319297	-0.0419600519695031	0.010557797761025
12,13	0.1257346962937195	0.0119120750996766	0.2363420830648809	0.007622791165371
12,14	0.067902871970129	0.0071366075789117	-0.1170819854305284	0.0028990905964015
12,15	-0.0456034916841327	0.0105850445989044	0.0060266473558587	0.0057957628919762
13,14	0.0413560718350985	0.014153278231058	-0.045996706250166	0.0095608631274107
13,15	-0.0554073504474535	0.0142571052705307	-0.0190337518189844	0.0130707933097036
14,15	0.0130400569431198	0.0138569842155114	0.0006685956215558	0.0069169613573663
1,2,3	-0.0114953272099264	0.0064402960993808	-0.0004963521773569	0.0052662046573546
1,2,4	-0.0133387339460649	0.0055961934098014	-0.018649289670438	0.0025470038371197
1,2,5	-0.0261745855922571	0.0111463213785227	-0.0181983717221166	0.0056631993521289
1,2,6	-0.010588540203651	0.0028578127607114	-0.0122456469043403	0.0027204336144173
1,2,7	0.0029041476329377	0.0029755735612183	0.011770205217619	0.0052215904531186
1,2,8	0.0038134357647014	0.0028024736121215	0.0048180324988074	0.0027452681669374
1,2,9	0.0001593476843482	0.0079320109889545	-0.0111836141682856	0.0045839563646857
1,2,10	0.0277545200308961	0.0163727403303121	-0.004982539801011	0.0046924822988082
1,2,11	0.0267636987695954	0.007878415579454	-0.0047260849339213	0.0055009640855468
1,2,12	0.0105531010587171	0.0127303643500003	0.0097193862294218	0.0091150727651727
1,2,13	0.0123045516990665	0.006419284761	-0.008955119648025	0.0057148275327353
1,2,14	0.0097073762838069	0.0032276951115143	0.0038023755016098	0.0026760749996665
1,2,15	0.0013976490212493	0.0049259006598235	0.003054894186523	0.0031939685195191
1,3,4	0.0124243719756203	0.0067263831052141	-0.0029363036569803	0.0021046550596085
1,3,5	-0.0040449325566512	0.0079101815029945	0.0092179603624835	0.003015645739137
1,3,6	0.0191969829293901	0.0069398565357299	0.0028013107304628	0.0036919154807278
1,3,7	0.0013551385953432	0.0109565567436456	0.0054810886225568	0.0063180740966907
1,3,8	-0.0228175223849285	0.0101039395948388	-0.0070711022119931	0.0035957935283932
1,3,9	-0.005097556573357	0.0028411914347752	0.0040610176246672	0.0051592385158805
1,3,10	-0.001111449631986	0.0066950977325718	-0.0092741527926108	0.0048154757000968
1,3,11	0.0613496315892775	0.0136821976431	0.0110474307998567	0.0040915997636341
1,3,12	-0.0381991086803101	0.0088327283252179	-0.0188441222775564	0.0054039727105255
1,3,13	0.0069288239758058	0.0124875603314247	-0.0066607613557323	0.0037631121723717
1,3,14	0.0230325473449969	0.0106984522280652	0.0103983845438332	0.0040021194972956
1,3,15	-0.0124538262017901	0.0067940589870673	-0.00629967748704	0.0040732369622063
1,4,5	0.0671023956142026	0.0094737122343932	0.028934247089436	0.0028366921556758
1,4,6	-0.0107506213550087	0.0073124895381828	0.0008698048069463	0.004465162366525
1,4,7	0.011930175962881	0.0079628237874907	0.0044513911079328	0.0040469254294776
1,4,8	0.0014471936987088	0.0115749643114846	-0.0020053962632552	0.0042240967052744
1,4,9	0.0215565757834141	0.0057898727584979	0.0002835501465919	0.0072867362637168
1,4,10	0.2130247425039238	0.0227154272593826	0.0149911891254783	0.0089475583717895
1,4,11	-0.0334442668490782	0.0075870087181875	-0.0376140175859104	0.004506232247031
1,4,12	-0.0173986957361418	0.009388375706984	-0.0049754951342366	0.0072175464770544
1,4,13	-0.0154229017420966	0.0116329811959033	0.0090469423908756	0.0070031681043594
1,4,14	0.0110527437506207	0.003976269332956	-0.000131941786446	0.003818187578182
1,4,15	-0.0057481296194811	0.011075583018678	0.0102685422084636	0.0042519280105625
1,5,6	-0.0168298487912981	0.0110989683767448	-0.0065117557475874	0.0042287274025269
1,5,7	-0.0287130073881886	0.0083600314212605	-0.0184836558484328	0.0034914318240171
1,5,8	0.0046463016929988	0.0080213410959465	0.0043000578727534	0.0031717386114172
1,5,9	-0.0106449743362719	0.008890783652878	-0.004024441964822	0.0027570991300159
1,5,10	-0.0048681807294962	0.0082149596779917	0.0073431198168358	0.0061591308956444
1,5,11	0.032571835528761	0.0063540205356702	0.0092806190670619	0.0052080055905447
1,5,12	-0.0142266768094503	0.007184506333515	-0.0111839867938994	0.0079316635319292
1,5,13	0.0116803869024374	0.0049481382030673	0.0063694076239994	0.0066723169445944
1,5,14	-0.0251425054976796	0.0023215698613871	-0.0032964395716321	0.0045103450008905
1,5,15	-0.001925458810464	0.0058801094587904	-0.0221008404557815	0.0041773511021649
1,6,7	0.0053252023538658	0.0098532918255858	0.0027298942351937	0.0037132503680815
1,6,8	-0.0024830110436964	0.0075349543864342	-0.0091184522290349	0.0036957862213149
1,6,9	0.0065591218795689	0.0071237985076046	-0.0031527563906858	0.0024707734100292
1,6,10	0.0178950247440038	0.0120188154953687	0.0164322445979881	0.0067892587441105
1,6,11	0.0078129240981734	0.0116996017815343	-0.0013370529629574	0.0035857486415207
1,6,12	0.0263922513805194	0.0067950786742866	0.0144916622080823	0.0032961936141767
1,6,13	0.0092508806999542	0.0078926506492475	0.0099711704253869	0.00709703882313
1,6,14	-0.002467421983592	0.0116915253371833	-0.0080102031521687	0.0060807456057544
1,6,15	-0.0031186240235531	0.011572561344927	-0.0006235174951973	0.0042990457886537
1,7,8	-0.0015538588319792	0.010886968559072	-0.0012624466951942	0.0047677781183605
1,7,9	-0.0093396274972928	0.0065295341486541	0.0003473581204973	0.0052039882056886
1,7,10	0.1080886217012384	0.0120382267230645	0.0145121974475283	0.0046890905885694
1,7,11	0.0690922274825505	0.0206877202321862	-0.0007514667037349	0.0067970871676889
1,7,12	0.0190475669716268	0.0103858411069464	0.0063547861147354	0.0053021515961318
1,7,13	-0.0637122276279665	0.0078241525035345	-0.0227419001751572	0.0059974738357932
1,7,14	-0.0379457604870477	0.009777498831414	-0.026386495987008	0.006654690942013
1,7,15	-0.0022248393975402	0.0111103228269411	0.0080970378771284	0.0029176507190397
1,8,9	-0.0219376024713574	0.002878025215751	-0.0116548517405722	0.0027203133383042
1,8,10	0.0581904933609158	0.0099755884554191	-0.0005330600091597	0.0037492054368192
1,8,11	0.0028227382148753	0.0061831658376458	0.0039928018320298	0.0018780771621027
1,8,12	5.946833789833572e-05	0.0097597420765229	-0.0073642313917066	0.0043137186504389
1,8,13	-0.0060916730978704	0.006046072703503	-0.0107133534632988	0.0041351336389855
1,8,14	-0.0171304839994613	0.0055847463253197	-0.0100302245094005	0.00270310165479
1,8,15	-0.003940590918885	0.0068891606032479	0.0036170166002287	0.0026749365173887
1,9,10	0.0421083940361686	0.0179172084993384	-0.0188767577907758	0.0054095482670152
1,9,11	0.0406333068013624	0.0151720056747481	0.0056758730938492	0.0057783593017551
1,9,12	-0.0052570648721258	0.0042484212048622	-0.0015758647138176	0.0039936115588758
1,9,13	0.0153681267883663	0.0033399140327594	0.0028140973844054	0.0040592551668762
1,9,14	-0.0208702784651224	0.007299328473657	-0.0176062011591963	0.0058920161175408
1,9,15	-0.0034028400968083	0.0097536481192665	0.0012021263564183	0.004996463900672
1,10,11	-0.3606527517942389	0.0104325525391445	-0.0623098064873548	0.0036854783377521
1,10,12	0.0159472376869328	0.0061820226149592	-0.0308784756546045	0.0057103208872713
1,10,13	-0.0036882856873023	0.0165137339681631	-0.0084116902498083	0.0047078049542458
1,10,14	0.1169159925515815	0.0177901453793787	-0.0023033123887839	0.0036883468986029
1,10,15	-0.0350943123412947	0.0110548114260735	0.0014980439692898	0.0062403685789107
1,11,12	-0.0502219718534612	0.0072161099887855	0.0208210009819216	0.0082360898345001
1,11,13	0.0535054408268273	0.0114267689835324	0.0340120713962555	0.0053872366871888
1,11,14	0.1329831756894169	0.0157154199623231	0.0050439477448426	0.0036787095760711
1,11,15	-0.0143362626503528	0.0060233446950931	0.0085511860372109	0.0051249428811682
1,12,13	0.021705287768327	0.0149325382551076	0.008622935524606	0.0052761084132736
1,12,14	0.0196098232783052	0.0065712665934759	-0.0085589084678249	0.0054841948822112
1,12,15	0.0105551218456583	0.0056294381649215	0.009928124325301	0.002434663457154
1,13,14	-0.0060981556190553	0.0094345748953668	-0.0065398384483951	0.0078277698082655
1,13,15	-0.0087483046269259	0.0080788025758345	-0.0051538659253147	0.0026009733955606
1,14,15	-0.0158585846452221	0.008145059445536	-0.0088601496443202	0.0058388305472428
2,3,4	0.0171023904221175	0.0124293753039389	0.0121211428874675	0.0072959521693249
2,3,5	-0.0115200945412299	0.0026773048834441	0.0150272759515656	0.0071841748212797
2,3,6	0.0029057771380366	0.0062615190546924	-0.0053859244503541	0.0021394011647267
2,3,7	0.0187887820053887	0.0106314031779318	-0.0006600290005787	0.0055192493509973
2,3,8	0.007872116438656	0.0103331837919989	0.0016836427873005	0.0036059355617779
2,3,9	0.0118920196592685	0.007094151434606	0.0032925925499644	0.0040260409291024
2,3,10	0.1485693884626496	0.0176852056090178	0.0092631253987605	0.004285494859667
2,3,11	0.0529268172923219	0.006755017975463	-0.0291465560310181	0.0062387933318212
2,3,12	-0.0153348563747094	0.0052431538376641	-0.0083144716898726	0.0052028197014864
2,3,13	-0.014190617462225	0.0031358132226787	-0.0033721982846759	0.0049961857676243
2,3,14	0.0325625325748131	0.0053267905051231	0.013698588173457	0.0020577516073455
2,3,15	-0.0141613059933365	0.0085250628147752	-0.0016386177300441	0.0038144301261638
2,4,5	-0.0372736267589609	0.0020903311316034	-0.0141668404847139	0.0034790305032585
2,4,6	0.0148474468993608	0.0076106816662224	0.0108222555688644	0.0031019819199151
2,4,7	-0.013096952833492	0.0107333468108542	-0.0120802189000834	0.003223236569042
2,4,8	-0.0223333593624413	0.0083019039794027	-0.005265399088341	0.0053698813183274
2,4,9	0.0045541788914482	0.0093985884989137	0.0076810165527054	0.0055365533894876
2,4,10	-0.0603222671615244	0.0373734196208421	0.0207482671521377	0.0074216021034073
2,4,11	0.071191284643219	0.0103877713972724	-0.0012002820101908	0.0091462598441398
2,4,12	-0.0100056093028015	0.0064068781664706	-0.0011831471675182	0.0019823920238814
2,4,13	0.0114226573250483	0.0112574382831024	0.0117924843263467	0.006680217297029
2,4,14	0.0133377199448164	0.002601762876993	0.0112465585320916	0.0046672562854598
2,4,15	-0.014772870754646	0.008870997569915	-0.0092363529300616	0.0060347081702467
2,5,6	-0.0035787493020436	0.004851449738639	-0.0045127659255935	0.0048965085520781
2,5,7	0.0114531679744105	0.0066295140069495	0.0011844891562417	0.0038254062484931
2,5,8	0.0110813415911995	0.0046090269943724	-0.0003227930103393	0.003274192700629
2,5,9	0.0167007487181704	0.0109366388460104	0.0058694858183373	0.0058968908636881
2,5,10	0.0643961774121514	0.0076010726713727	0.005826259418109	0.0014577799127861
2,5,11	0.0009954266221434	0.005544697430657	-0.0250126801645044	0.004349204181549
2,5,12	0.0101615905850945	0.0085503527421683	-0.0018690677246308	0.0052454468428831
2,5,13	-0.0056903016098162	0.0019405990266055	-0.002158981286135	0.0054483483147162
2,5,14	0.0132897732773859	0.0067595374204383	0.003163765884183	0.0044188064100331
2,5,15	0.0178178560531123	0.0069849176426218	0.018152662775527	0.005013722619303
2,6,7	0.0045916840901647	0.0044688763892168	0.011109533881574	0.003700500709752
2,6,8	0.009677587475586	0.0053454399670309	0.0055307121282747	0.0056948437871437
2,6,9	0.0160379774912625	0.0075380516361008	0.0012657525847285	0.0064608615174131
2,6,10	0.0036656814594321	0.0083055512249381	0.0042611281012875	0.0029607453560781
2,6,11	-0.0070224654354273	0.0061828266762355	-0.0042250948995981	0.0039322739443237
2,6,12	-0.0122278636927655	0.004109316344307	-0.003537558342636	0.0031573638507206
2,6,13	0.0043341864887068	0.0084809643497838	-0.0049453419348307	0.0046667048031132
2,6,14	-0.0194274112305456	0.0094350810427773	-0.0038777238993439	0.0054633274373039
2,6,15	0.006290480960465	0.0042754934824877	-0.0028138844745105	0.0032175938763555
2,7,8	0.0027839563818391	0.0114905198242855	0.0124220287409181	0.0056834677622965
2,7,9	0.0014845518106274	0.0049620072940068	0.0027741548697476	0.0039445735131028
2,7,10	-0.0576511336852011	0.0180266115865882	-0.0059241892836683	0.0073714152285545
2,7,11	-0.0821713293983879	0.0143004849790804	-0.0005797972962314	0.0040869612287279
2,7,12	-0.0144914976606796	0.0043505340228825	-0.0066369939181143	0.0057222724574562
2,7,13	0.0364894297192871	0.0076523985581066	-0.0002330622256869	0.0022630141316749
2,7,14	0.0126802175931857	0.007229561931611	0.0076283366840184	0.0044560240747466
2,7,15	-0.0127466893947665	0.0108086078851485	-0.0120836131727122	0.0054294310481678
2,8,9	0.001566162322605	0.0106176547739996	0.0064916253879457	0.001967016048295
2,8,10	-0.0494228947060022	0.0138448707530337	0.0012137470040961	0.0057978944301309
2,8,11	0.006278695860697	0.0057397298838422	0.0080658479215517	0.0084870394006638
2,8,12	-0.014485545920226	0.0083203192948182	-0.0130397808921119	0.003729621024674
2,8,13	0.012791354020688	0.0027129493120712	0.0003192317156223	0.0029312955246827
2,8,14	-0.0054934358990472	0.0090978671278615	0.0001566366865816	0.0016983293944295
2,8,15	0.0007941787785576	0.0124953860346579	-0.0067509607225359	0.0093264856324909
2,9,10	-0.0380325733163422	0.0156835323722092	-0.0081109219652353	0.0022390415914123
2,9,11	-0.076614730623064	0.0071939905822846	-0.0035386138227383	0.002679525864883
2,9,12	-0.009975922988021	0.006579045659004	-0.0107795156220429	0.0073680981717453
2,9,13	-0.0112437381710598	0.0097547206353654	-0.0089611073309858	0.0077333187617463
2,9,14	0.0101485006605371	0.0048290120954418	0.0087025392169629	0.0026847543785227
2,9,15	0.0038067483554635	0.0087906659883516	0.0015205964156235	0.0070613096712944
2,10,11	-0.2143274071873711	0.006994863263386	0.0061280178643034	0.002847474988063
2,10,12	-0.0448628167326297	0.0089512982698941	0.0095217120023388	0.0057032516850891
2,10,13	-0.0384798674073159	0.0107651071948397	-0.0043704736371346	0.0020256951357575
2,10,14	-0.0920310508193184	0.0122237562192799	-0.0106520179281852	0.006988244722118
2,10,15	0.005338988439899	0.0147300619176838	0.0054992525322743	0.0041891643635017
2,11,12	0.0002504715025757	0.0129612647759109	-0.0096308388341863	0.0026667265460896
2,11,13	0.0267442125302951	0.0058810008036025	-0.0066131656302921	0.0022739542497307
2,11,14	-0.1308345494206569	0.0184546669873682	0.0106324481226535	0.0029156544342232
2,11,15	-0.0078971426182257	0.0102865966243088	0.0016523407332253	0.006524193659708
2,12,13	-0.0161844617889256	0.0051206445434096	-0.0089956376730005	0.0071592692556932
2,12,14	0.0075062392036519	0.0099242278508259	0.0031595305567907	0.0058852339825505
2,12,15	-0.0143817301913444	0.0091173561048745	-0.0141074678386049	0.0042015599050092
2,13,14	0.0017863545151348	0.0099511155535179	-0.0050702140673745	0.0062742291461705
2,13,15	0.0197982030873937	0.0125765382058523	-0.0004539472428737	0.0043758813117789
2,14,15	0.0084859504144535	0.0062918147636402	0.013153031858538	0.0038649311018624
3,4,5	0.0312995797047594	0.0047631410892695	0.0150239602605719	0.0029416553467709
3,4,6	0.0244236079862617	0.0081827038833595	-0.0034600582056752	0.0023991567581088
3,4,7	-0.0107219216403855	0.0123974386767849	-0.0046586002190327	0.0058785502234108
3,4,8	0.0062443848609462	0.004877487254966	0.0046842444099631	0.0012411512176362
3,4,9	0.0084105471893548	0.0073824358509007	0.0058951857558153	0.0024129333463837
3,4,10	-0.1056255831859097	0.0067560084021598	0.0019886303735101	0.003473981168206
3,4,11	-0.0191815841095895	0.0214101755358917	-0.0141771361305144	0.0060378154641286
3,4,12	-0.0037691610887861	0.0102114850319105	0.0051312707991008	0.0042757559168971
3,4,13	-0.0150638206953601	0.010684930329589	-0.0049012715239232	0.0066315838564065
3,4,14	-0.0041236399101415	0.0023423464977457	0.0183174578556197	0.0043279387053609
3,4,15	0.0228902447651148	0.0084868091477162	0.0082880122244407	0.0033676656186374
3,5,6	-0.0023714641809312	0.0042403280311243	-0.0091784545626504	0.0073714737016181
3,5,7	-0.0273786514994505	0.0100248281202363	-0.008872909668573	0.0049283793564163
3,5,8	-0.0065315770116444	0.007289183680252	-0.012000422723186	0.0047068803224187
3,5,9	-0.0002642632408055	0.0088095721913778	-0.0018140506440953	0.0022054409364044
3,5,10	0.0665661325982942	0.0082745582426891	0.009462993337754	0.0055201634998954
3,5,11	0.0668061000526217	0.006823904192617	-0.0059653609846355	0.0055878445273886
3,5,12	-0.0008453716329061	0.0085527786612384	-0.0009646296709681	0.0052630124226162
3,5,13	-0.0100054028105472	0.0122994438138123	-0.0076229251857269	0.0079662059413515
3,5,14	0.0172454868309322	0.0099551338656914	-0.0043777129620725	0.0043557474730376
3,5,15	-0.0142583310297512	0.0081206511902054	-0.0109342774449156	0.0045445633519061
3,6,7	-0.0014424312498013	0.0032843026094785	0.0001035270201272	0.0069310794010316
3,6,8	-0.0086541491063086	0.0145974716068666	0.0027778941972117	0.0060105365891807
3,6,9	-0.0003932362679226	0.0060573787511145	0.0030706211438929	0.0024476753839214
3,6,10	0.0185925759142519	0.0101741996149648	0.0051729754718185	0.0066541463987878
3,6,11	0.0076721547507453	0.0086195001916612	0.0026285943962038	0.0094357785891329
3,6,12	-0.0174021251948603	0.0042910292520964	-0.0125318106214841	0.0037378631964544
3,6,13	0.0176256333657303	0.0123277978878941	0.0066373669432832	0.0058911207727472
3,6,14	-0.0053950348001512	0.0078095391364648	-0.008402372055535	0.0026534909979108
3,6,15	-1.889791789327945e-05	0.003163559894175	0.0056742675456225	0.0026989953331768
3,7,8	0.0120373780378233	0.0103046220530842	0.0058240784009194	0.0046142185886403
3,7,9	-0.0245489999098374	0.0068602755155246	-0.0209772896524928	0.0049484749022354
3,7,10	0.0234766786590766	0.0093430845690668	0.011201912232308	0.0093543270079162
3,7,11	-0.0166443343517986	0.0124568073887829	0.0014923240827992	0.0052135073998341
3,7,12	-0.0073735127561614	0.0041621074974925	-0.0013899035365651	0.0041551954393943
3,7,13	-0.0278025004706446	0.0057805965725031	-0.0134323112739357	0.0049771517394802
3,7,14	-0.0226306117052312	0.0082179291120368	-0.0149617605684144	0.00555019911983
3,7,15	0.0103877014120958	0.0040129678818167	0.0029460833417119	0.0038037762946808
3,8,9	0.0103352160775457	0.0069451289612585	0.0086066742512518	0.0010723228542726
3,8,10	-0.0020634607122612	0.0084864034602795	0.0022582646772669	0.0057343781710422
3,8,11	0.0007748278484943	0.0143416199021951	-0.0068329922266777	0.0077139249403582
3,8,12	-0.0188412172267316	0.012713759937604	-0.0089416755543644	0.0051106704297015
3,8,13	-0.0132384866528775	0.0130570235896321	-0.0083407475214848	0.0042213390875004
3,8,14	0.0130776794522543	0.0076575263487757	0.0088671824598334	0.0039922006811256
3,8,15	-0.0097324737556917	0.010277244520278	-0.0157850843164965	0.0046000886128653
3,9,10	0.0174498582648538	0.0078886912742147	-0.0033066459940398	0.0039882496173714
3,9,11	-0.0033876424111478	0.0096103688332644	0.0041636603280531	0.0036568646874944
3,9,12	0.0070918595401992	0.0084727635127864	-0.0046305315247149	0.0014060985006914
3,9,13	-0.0227389403607529	0.010352900557214	-0.0059946246552093	0.0063335160083362
3,9,14	-0.0147344366173604	0.0068034706832507	-0.0174817865559241	0.0037214487708709
3,9,15	0.0048555034636182	0.0126695112244767	0.0025626189100673	0.0052688671386806
3,10,11	-0.2398685972162123	0.0051930266739411	0.0083342854861599	0.0066161145928156
3,10,12	-0.079544697916473	0.0138073732998549	-0.0006097624097866	0.0051460174258525
3,10,13	-0.0484266123748226	0.0268843384387935	-0.0124417726434328	0.0071752112833142
3,10,14	-0.036219168839939	0.0174118406457099	-0.0071999506128709	0.0087511033102619
3,10,15	0.0051841762783184	0.0105142218006874	-0.0069349775547481	0.0034923347927434
3,11,12	-0.0508812048087622	0.0160156735502715	-0.0072964697897139	0.007689154937562
3,11,13	-0.0007394037496816	0.0220586696084168	0.0222678364526741	0.0081680735444729
3,11,14	-0.0825530059708443	0.0091414938311834	0.0105967851969523	0.0075948053058099
3,11,15	0.0358173636835229	0.0086883404399177	0.007012988520422	0.0026629581281014
3,12,13	-0.0045681144319465	0.0043855347538786	-0.0091808228300856	0.0029688527397157
3,12,14	-0.0196401722762578	0.0094266745461643	-0.0081452543334114	0.0061623939176546
3,12,15	0.0207863967728418	0.0053051080565958	0.018554875805876	0.0044808433892025
3,13,14	-0.0068556175630075	0.0103938862544945	0.0144401318805679	0.0088841825508308
3,13,15	0.0057257909688919	0.0080248852843221	-0.0002681216316692	0.0044066111886396
3,14,15	0.0001778196236631	0.0044292559309933	-0.0007933345088832	0.0060886867203788
4,5,6	-0.0117857176941001	0.0057735211455562	-0.0009533380715146	0.0031174970992733
4,5,7	0.0044764307238676	0.005463744028898	0.0232516340855771	0.0052465850991437
4,5,8	0.0067351074047788	0.0104050860023529	0.010872198402096	0.0052555760357131
4,5,9	0.0438515946057772	0.0093813828614719	0.0198135264175287	0.0029896550045801
4,5,10	0.1509719715991578	0.0310619004757245	-0.0095730264984077	0.0044555609341102
4,5,11	-0.1003746038784217	0.0162691344519639	-0.0080919151289311	0.0052436020588354
4,5,12	0.0011403455023686	0.0031705933446027	-0.0090171070630911	0.0048638112087962
4,5,13	-0.002863949305001	0.0090085206101589	0.0152430912699568	0.0051644417471866
4,5,14	0.018984433682795	0.0042234739992508	0.0158477847473825	0.0053402441471589
4,5,15	0.0114500693308036	0.0067335705099685	0.0180873310931999	0.005904822092445
4,6,7	-0.0026485823237173	0.0149097565236012	0.0068714604328555	0.0076668550273818
4,6,8	0.0005726604345742	0.0050854863822094	0.0039207574534795	0.0051987352661882
4,6,9	-0.0018904627737325	0.0127074551170381	0.0093071148976055	0.0040197955045655
4,6,10	-0.0494692307362698	0.0234857590742219	-0.002184318452158	0.00460764165176
4,6,11	0.0226078827307272	0.0258845252173228	0.0042614646056567	0.0071576293044772
4,6,12	0.000381550847329	0.0099024425148127	0.0075876642791702	0.0031774491917877
4,6,13	0.0103051264952797	0.003797722188685	0.0015089161974649	0.0023112078223045
4,6,14	0.0086775839153158	0.0079465365148588	0.0057610288361528	0.0030651566005184
4,6,15	-0.0056868210351065	0.0075428203577405	0.0097539393067485	0.0019891196600632
4,7,8	-0.0184305356580257	0.0100740181319013	-0.0042412185985713	0.00391334740007
4,7,9	-0.00177427438657	0.0124375997429092	0.0026897243311151	0.005556792549594
4,7,10	-0.6717564214563414	0.0221016871348978	-0.0561822441492473	0.0034375318021094
4,7,11	-0.7415035263065951	0.048706872006312	0.0830764912650793	0.0022210742835992
4,7,12	-0.0285914227793443	0.0095615870526313	0.0265419010794775	0.0035331463511508
4,7,13	0.1960918629538368	0.005550557217316	0.0466684378109331	0.0024704072541831
4,7,14	0.0423059790701316	0.0084523496866998	0.0562084833657089	0.0031317194710168
4,7,15	0.0346689645887037	0.0070247470772006	-0.0155406018616645	0.0037247841814935
4,8,9	-0.0022136002133151	0.0056605240891769	0.0124721693324171	0.0035863727955831
4,8,10	-0.6245456678023158	0.0337378306252788	0.0005252645748113	0.002908856119013
4,8,11	0.0202977969773695	0.0117811441253264	0.0122544374157668	0.0054125189306876
4,8,12	-0.0065269474929319	0.0053406893168908	0.0103291840680405	0.0033858719786833
4,8,13	0.0137994918945592	0.0057413564810365	-0.0095472070484418	0.0020395311402472
4,8,14	4.7993762468088313e-05	0.005401143024528	0.0356539191175051	0.003638527684067
4,8,15	0.0155066872035843	0.0076139984336654	0.0202223555644587	0.0031274871695112
4,9,10	-0.6145063006876883	0.0203246213581298	-0.0007438935161435	0.0026450862533617
4,9,11	-0.1030273075094606	0.0156827958644453	0.0291958017012749	0.0045949806555011
4,9,12	-0.0209343415679402	0.0071006976536846	-0.0019121991991719	0.0053437144896194
4,9,13	0.0128037524744099	0.0072553125847291	0.0080243765980659	0.0070115934335845
4,9,14	-0.0055679158410967	0.0040763831443964	0.0325963158354129	0.0031900724840588
4,9,15	0.0053939036464674	0.0062067651764583	0.0139032732287355	0.0030903769155978
4,10,11	0.126290172425718	0.0149053069670216	0.2270756568636029	0.00433736395752
4,10,12	-0.1086134247821879	0.034355669760849	-0.0074059465885511	0.0034935421049991
4,10,13	0.1880809749116862	0.061654013734405	0.0269106352059974	0.0092221451825591
4,10,14	-0.766986011085151	0.0452137123118593	-0.0111607394443273	0.0019646662126272
4,10,15	0.1514329888758858	0.0143109719524567	-0.0036438926830673	0.0039923048621964
4,11,12	0.1874046487198825	0.0021741614308689	0.0262808031392841	0.0029563749828377
4,11,13	-0.066000401774012	0.0179168831292966	-0.0660481770787474	0.007508925571966
4,11,14	-0.8001623576917541	0.1340887489258743	0.0583891280782403	0.0056547156405034
4,11,15	-0.0069737113043996	0.0070276876419029	-0.0282302744982542	0.0023583542878367
4,12,13	-0.0069866960724743	0.0056202126695596	-0.0350994839786286	0.0023891359752494
4,12,14	-0.0607965883624955	0.0102326042243162	0.0245947268208044	0.0034213693191116
4,12,15	-0.0060836113668517	0.0077140014058562	-0.0173384274269864	0.0046297203876284
4,13,14	0.0873280517667589	0.001905168070042	0.0030807510121603	0.0039482270390009
4,13,15	0.0138572244224598	0.0097815589722893	0.0220426768759213	0.0056587082989861
4,14,15	-0.026304458080648	0.0052187950951609	0.0313034754722944	0.0019934395563232
5,6,7	0.0047420912145351	0.0040163144339419	-0.0057817633625694	0.0043207385382028
5,6,8	0.0053214553635862	0.0068989473229319	0.008055725061072	0.0069848611589736
5,6,9	0.0226991197988763	0.0056458892131076	0.0171206332207046	0.0051082464424231
5,6,10	-0.0829326735701453	0.0130427758484665	-0.0177095626774243	0.0056448196566482
5,6,11	-0.0136086578573795	0.0140070969281733	0.0121202141471424	0.0066782419323647
5,6,12	-0.0092588295226796	0.0048234700967851	-0.0019998944621869	0.0026474767613962
5,6,13	0.0116876954982922	0.0048269522710809	-0.0002946047763446	0.0024780392060213
5,6,14	-0.0159195808521069	0.0097622781492764	-0.004822944228065	0.0056448547023715
5,6,15	0.0178302185229995	0.0090905534405561	0.0159642524071924	0.0071102885384583
5,7,8	0.0155472131441748	0.0070859037702603	0.0084067392230037	0.0035533060999178
5,7,9	-0.0045352829501765	0.0073810069804066	0.0013910167770587	0.0091552033577146
5,7,10	0.1063526004556357	0.0086616584370704	0.0425521409719093	0.0066603589657426
5,7,11	-0.004423246620575	0.0059718086554604	-0.0205901870167636	0.0087267234715187
5,7,12	0.0157754804712967	0.0131657137765356	-0.0125527851132748	0.0052328632711257
5,7,13	-0.1024531159329682	0.0132339092819234	-0.0284584364475023	0.0087733897871964
5,7,14	-0.0557602038720079	0.0073992233307732	-0.0177822386182643	0.0030769256202447
5,7,15	0.0162547400934103	0.0147169932747164	0.0143809419760574	0.0039330651928991
5,8,9	-0.0463759523771019	0.0058016339431763	-0.0310958083987547	0.0020533149979667
5,8,10	0.0944534160465485	0.007487460156832	0.0184196630964563	0.0018184248029012
5,8,11	-0.0118766052983002	0.0032369833758338	-0.0059548513441266	0.0053544183327856
5,8,12	-0.0026854189555343	0.0070932711180774	-0.0073785527231218	0.0057289609118102
5,8,13	0.0085956585048513	0.0093621644177895	0.005162233397536	0.0045994940133076
5,8,14	-0.0091215591431967	0.0042225952497872	-0.0036262293449723	0.0034093470619963
5,8,15	-0.0031609769780412	0.0080519451225035	-0.0086544389125462	0.0027772658260256
5,9,10	0.0617362727795004	0.0146037830657986	0.0029313787268666	0.0043888376176653
5,9,11	0.0319072198862182	0.0134451651013193	-0.0075947340513861	0.0064396781792057
5,9,12	-0.0057891798337271	0.0083123165469338	-0.0160345190424333	0.0069065113700237
5,9,13	-0.0099395607011372	0.0028749082107283	-0.005271884651879	0.0044035933311005
5,9,14	-0.0158354770471107	0.0072194176717942	-0.0156823435691832	0.0059144590216553
5,9,15	0.0014526512333083	0.007305835451329	-0.0069650068814385	0.0026788509079273
5,10,11	-0.5407136460840957	0.014219788735997	-0.1580878890049294	0.0060535979711438
5,10,12	0.0190082193005136	0.013084938705894	-0.0286534778326825	0.0037061857248447
5,10,13	-0.1192937104387844	0.0111989293425312	-0.0121594306850398	0.0091671451916783
5,10,14	0.0972771526879418	0.0134095635702459	0.0126049112047618	0.0079908131682821
5,10,15	0.0230181786651971	0.0160013470788084	0.0179005929137143	0.0083049452417735
5,11,12	0.0075162732136388	0.0076340909354281	0.0152077571611744	0.0042489182490442
5,11,13	-0.0720107181419259	0.0128729438186175	0.0464015257952615	0.0068559667534163
5,11,14	0.1877962990551596	0.0080524714510746	-0.0157475174246719	0.005753064820689
5,11,15	0.0096765094993615	0.0117334613976581	-0.0104878306670613	0.006922142581911
5,12,13	0.0263582072780539	0.0074133347038363	0.0225038823637252	0.0038207071646352
5,12,14	0.0267813911369963	0.0116893656780328	-0.0147286776032269	0.0050744465244846
5,12,15	-0.0096369891336279	0.005162417170824	-0.0122530458653451	0.0019540456210391
5,13,14	-0.0948949696882518	0.0030925438506512	-0.0197072694729905	0.0042044742146065
5,13,15	-0.0080053311724697	0.0020146511628096	0.0122531804670425	0.0035590681344911
5,14,15	-0.0057530078249859	0.0104549330762286	0.0025604074785709	0.006332606814202
6,7,8	-0.0005351398308238	0.0089619190489781	0.0009237811716063	0.0014722257933057
6,7,9	0.020462568559064	0.0088769204011662	0.0144824548867499	0.007835579872988
6,7,10	0.0122868586996796	0.0169566818263934	0.0133597126441822	0.0049954935481692
6,7,11	0.0500566793998368	0.0182990421167298	0.0055182863408497	0.0052229284759877
6,7,12	0.016781954505584	0.0105297379291248	-0.00084743641971	0.0047876144350286
6,7,13	-0.027615264736964	0.0056412403021171	-0.0155336583883103	0.0039717979852653
6,7,14	0.0199509551161089	0.008536502184834	0.0015661196546736	0.0083949472063204
6,7,15	-0.0086671762073193	0.0051502296347411	-0.0044024976630914	0.0039313601331173
6,8,9	-0.0148554909515618	0.0107983394911036	0.0045773499758068	0.0060722946227841
6,8,10	-0.0309779630481394	0.0112277297631742	0.0017294285253931	0.0064029691075174
6,8,11	0.0105526019548961	0.0157584813281651	0.002986383677999	0.0081335459778934
6,8,12	-0.0116032167813373	0.0115277101640059	0.0125774257476742	0.0060491334657181
6,8,13	0.0032413392946186	0.0056088895776517	-0.0016000952707287	0.0053937990298169
6,8,14	-0.0020174241815481	0.0067919548571051	-0.0015458742954688	0.0066503351472879
6,8,15	-0.0209070700961353	0.0063498491619381	-0.0029779903515848	0.0038740838014426
6,9,10	-0.0049087503143377	0.0071623130407579	-0.002165342339378	0.0037091927624355
6,9,11	0.0121540818864891	0.0115151200557089	-0.0149709628688262	0.0027973175167493
6,9,12	-0.0111830411627477	0.0038797218164966	-0.011217099478454	0.0022780110694874
6,9,13	-0.0030972106310683	0.0074412132604309	-0.0028859441887716	0.0066830862623872
6,9,14	0.0239870203481049	0.0050533895751647	-0.0055856833025668	0.00436904413319
6,9,15	-0.0192828360100545	0.0079360866282068	-0.014974174790559	0.0046775878451481
6,10,11	-0.2788599479634998	0.0119602631700761	-0.0073021447843518	0.0062508280456901
6,10,12	-0.0162555929909918	0.0089680626362964	-0.00913112809479	0.0056582881922503
6,10,13	-0.0036905664706418	0.0095081794619296	0.005692714032819	0.0045061998984287
6,10,14	0.0392376470142149	0.0103426765711815	0.0035814019861981	0.0037308780084354
6,10,15	0.0160292117440727	0.0067673389231118	0.00760846710141	0.0024825080526239
6,11,12	0.0228748977593352	0.0032726759813804	0.0102837708849844	0.0034563128605074
6,11,13	-0.0072746850399043	0.0109508050376729	0.0039182655572865	0.0038359093957957
6,11,14	-0.0076654750156548	0.016848033941185	-0.0026798994685962	0.0050177347088472
6,11,15	0.0087158908850986	0.0071855216930929	-0.0026147381756567	0.0026320249197414
6,12,13	-0.0165219589620902	0.0069422170769582	-0.0172795188599048	0.0026561358353187
6,12,14	-0.0059116496167635	0.0063983261962323	-0.0174821883888571	0.0038404916797098
6,12,15	-0.0028061553600733	0.0087928057546164	8.403619557106196e-05	0.004121653212293
6,13,14	-0.005676022396113	0.003432886670723	0.0075359683131317	0.0032368060427546
6,13,15	0.0029817584633084	0.0103498129092839	0.0003132446508223	0.0040009512937397
6,14,15	0.0291550560423212	0.0053646432591413	0.0010201362297147	0.0037986420056836
7,8,9	0.0015726310194726	0.0109401352140496	-0.0133911725078227	0.0042689236068919
7,8,10	0.0268225511132723	0.0162644604592343	0.0409758328416443	0.0050624304676297
7,8,11	-0.0116660193103582	0.0098669991616659	-0.0308623765337767	0.0059923379336626
7,8,12	-0.0003292455643871	0.0094564469556669	0.0085736360266072	0.0078313604686902
7,8,13	-0.0007875872792697	0.0034444443145858	-0.0109241852616088	0.0078282680189899
7,8,14	-0.0046802346751759	0.0017184457912831	0.0013433209412981	0.002601018493374
7,8,15	0.0105138582309389	0.0076168343716749	0.0093122112002495	0.0064388015629043
7,9,10	-0.0122202612953149	0.0135181567384151	0.0133843154955228	0.0063832763999737
7,9,11	-0.0199503828620416	0.0167331787395092	0.0093148462412662	0.0032323908529974
7,9,12	-0.0129235282875396	0.0042597173868764	0.0063297197316794	0.0036516723540525
7,9,13	0.0099554190220575	0.0069741841206404	-0.0052934476245073	0.0046309969402577
7,9,14	0.0045771825068509	0.0057738711119667	-0.0066322441548193	0.0026566639279303
7,9,15	-0.0230668507425552	0.0121993153055336	-0.0121176435205427	0.0054430981013906
7,10,11	-0.269188402784873	0.0062892171467108	-0.2279304759041583	0.0069067246626718
7,10,12	-0.5314190467552639	0.0176430409369249	-0.1011823057018144	0.0025334478659079
7,10,13	0.6023643894935719	0.0128618880889406	0.2227409580720141	0.004523821708767
7,10,14	-0.0695937830834859	0.0099548287855393	0.0443422372817799	0.0023094579919618
7,10,15	0.0466516025613576	0.0094215334942822	-0.0009887575406468	0.0039328405148083
7,11,12	-0.1534055357994655	0.0176280256311176	-0.0676147412103147	0.0030826327150707
7,11,13	0.3442519943416973	0.0137337913641574	0.2179917265259915	0.003364292250498
7,11,14	-0.4078452847028229	0.0445098434294784	0.0579564518796897	0.0066856920406296
7,11,15	-0.0319991381563007	0.0097061457230055	0.0071486746030177	0.0034990756963175
7,12,13	0.4022256874150046	0.0108817509984595	0.1418780633750563	0.0048204355102963
7,12,14	-0.2221010343337846	0.0025728145942587	-0.0497488430642106	0.0071970064269077
7,12,15	-0.0152584568278139	0.0105290242189939	-0.0201728955103949	0.0028878084294481
7,13,14	-0.1692494854600328	0.0041044429591775	-0.0665347237312711	0.0041816066212214
7,13,15	-0.0412594640537142	0.0075045647269195	-0.0169521700711319	0.0048772386846501
7,14,15	0.0241485121779686	0.0114611814311276	0.0148140540853492	0.006867727612036
8,9,10	-0.1195876535265891	0.0105057100852936	0.0112605300764722	0.0031724187753217
8,9,11	0.0145908815364287	0.0086646890422251	0.0049287537062266	0.0037841811877652
8,9,12	-0.0116916622063814	0.0061861788646678	0.0157250902061068	0.0025719135897787
8,9,13	-0.0076674632736149	0.0054889085389999	-0.0119182964564633	0.0025445093401008
8,9,14	0.024400491979825	0.0060562281637913	0.0172054975082942	0.0042673237159163
8,9,15	-0.0014372588589697	0.0086448533540069	-0.0039456011065918	0.0046003456425185
8,10,11	-0.065530746428548	0.0057636973129299	0.1537139248976232	0.0028994941941498
8,10,12	-0.3456379388492085	0.0087561412327213	-0.0500351219450621	0.0068003300426914
8,10,13	-0.1140369749639631	0.0163286867624622	-0.0114991921789191	0.0070067994183128
8,10,14	0.1259012842974494	0.0139616019725386	0.1056250644812528	0.0033707375653085
8,10,15	-0.0104959426208477	0.0106033297788571	0.0077671165218165	0.0072405666349686
8,11,12	-0.0182746790413042	0.0120941406606352	0.0512201104936938	0.0065674011723326
8,11,13	0.0262993965769103	0.0129957579749717	0.0272788122377725	0.0035192792896127
8,11,14	-0.005470634657455	0.0127105882329196	-0.108742159967066	0.0027960176264074
8,11,15	0.0100345561791404	0.0108375915749395	-0.0106848850741699	0.0030574924858503
8,12,13	0.00802779223583	0.0065451024621357	-0.0101999693415991	0.0048484895254769
8,12,14	0.0128099125317097	0.0049363707840706	0.0255925364519286	0.0024743752627797
8,12,15	-0.01470861378695	0.0066458972392599	-0.0062623245283978	0.0040565574776438
8,13,14	-0.0193204841469835	0.0101183536464287	0.0075175299861725	0.0048071602407808
8,13,15	0.0074111568037358	0.0060888625389424	-0.0016387338197412	0.0043087455205199
8,14,15	-0.0200383854269047	0.0080907549116542	-0.0103095146260919	0.0023350630488931
9,10,11	-0.0168613596597385	0.0056865067552087	0.1514183600173596	0.0048689176081535
9,10,12	-0.1097738216240183	0.0151735202882016	0.0182182497827717	0.0020313653139511
9,10,13	0.0301791842342331	0.0235371661569407	0.0205122283440498	0.0029199107480546
9,10,14	0.0731183404419288	0.0212332022270201	0.0432835686238188	0.0063910856852755
9,10,15	-0.0102603350137508	0.0075360562118174	-0.0079259910152722	0.0055959331772296
9,11,12	0.0012267411513293	0.0083917515556334	-0.0103844075187578	0.0043981452055894
9,11,13	-0.0214015228671745	0.021747309087613	-0.0067341026833716	0.0041612164586809
9,11,14	-0.0480274273072397	0.0096875537001045	-0.0267403749245778	0.0032492628524189
9,11,15	0.0106190210397277	0.0104267054960092	0.012720077703016	0.0037950329847337
9,12,13	-0.0047134298192475	0.0070560583761017	-0.0026412911623049	0.0031419627222233
9,12,14	-0.0453947342225639	0.0083279851174063	0.0122576101992199	0.0018902300978936
9,12,15	0.0378520558431001	0.0066816906464414	0.0025456418672967	0.0034053194816462
9,13,14	0.0109618939331633	0.0076387878180701	0.0127781203793839	0.00395113051855
9,13,15	-0.0016523495566035	0.0054618466592287	-0.0164397836663659	0.006456205250642
9,14,15	-0.016034853091288	0.0039513160599462	-0.009354263672625	0.0045980440047024
10,11,12	-0.1421141606929603	0.0149417915695243	0.2209175941636129	0.0056982859132864
10,11,13	-0.4263365688259217	0.0019570663676041	-0.2810330872428973	0.0034592779645402
10,11,14	0.0343063634422153	0.004910354635947	0.140298744947509	0.0041926553655012
10,11,15	-0.2015623548140744	0.0091607575186343	0.0425100144483659	0.0042875201494518
10,12,13	-0.5594827564815233	0.1256268533315851	-0.1703112936029919	0.0049085933111601
10,12,14	-0.526473942643787	0.0161664638368121	0.0422855166196951	0.0068105036310507
10,12,15	-0.1144751320174803	0.0109470378303176	-0.0413390181654129	0.0024070329603299
10,13,14	0.1466826522860894	0.0198871593275602	0.0692174290397858	0.0058475146810997
10,13,15	-0.0013572124564489	0.0144655552722647	-0.0085252084227967	0.0059196400677002
10,14,15	-0.1096657462422151	0.0127979940282565	-0.0247765881761818	0.0046223911455881
11,12,13	0.1643112211329234	0.0081926602131379	-0.1163445815156967	0.0044166329689043
11,12,14	-0.1110229212142863	0.0194255434463916	0.1003427438010883	0.0030078303921279
11,12,15	0.0717196165107194	0.0108603073632973	0.0165367512509344	0.0056924020926354
11,13,14	0.1326157571813998	0.0169991676529273	0.0922869240777473	0.0078447341817963
11,13,15	0.0983680076566625	0.0087838154216908	0.0347084878610064	0.0069433229216427
11,14,15	-0.0023856870348853	0.0169312593603063	0.0052463180569624	0.0062448750652676
12,13,14	-0.1840493462151204	0.0108676493836103	-0.0771172841336018	0.0046106551657196
12,13,15	0.0885492059453878	0.0119512443205983	0.0285268849884402	0.0020751352155441
12,14,15	0.0514125384162515	0.0046554634061862	0.0267150825971283	0.0036044280387519
13,14,15	-0.0228265294462463	0.0055885479452742	-0.0216140180403497	0.006097243683343
