Params: 	121
Term	Coefficient	Standard Error	Coefficient_Lin	Standard Error_Lin
Intercept	10.111079292444234
1	-0.0111286206536586	0.0085201097503315	0.012840127128632	0.0033528533200776
2	-0.0514846793940198	0.0058644057729241	-0.0439529022517277	0.0037570091970409
3	-0.0171967895539392	0.0086578555470782	-0.0156736275260007	0.0054908830585988
4	0.0543958311140313	0.0077744769007773	-0.0675155570321485	0.0035599405184672
5	0.0174917207521981	0.0031100204295824	0.0737567741531737	0.0021469522599484
6	0.0038338673455689	0.0082612535077086	-0.0024733180114787	0.0060109325146568
7	-0.1935607982101335	0.0060843755703285	-0.3146639434382651	0.0040386806612347
8	0.0270416212788688	0.0042388573170788	-0.0360895443759712	0.0055690412254952
9	-0.0338561081182774	0.0073941682457928	-0.1066385450736238	0.0034513676179684
10	-2.158553742505846	0.0137793875612848	-2.5282553296835277	0.0056251690478582
11	-2.878331459917865	0.0044927748043069	-3.042609384759775	0.004445495167696
12	0.0659940145338202	0.0075453651367264	0.0602777497978858	0.005611154346613
13	-0.3104757135543909	0.0045219834947827	-0.2636811356748448	0.0045342437571661
14	0.0905166968761685	0.0033976523180252	-0.0955447167778856	0.0028451553450022
15	-0.044528264240157	0.0065047725044439	-0.053700455830637	0.0035768692852775
1,2	0.0120705913975878	0.0039843431610841	0.0022346083171777	0.0016614182809676
1,3	0.0067893227173595	0.0015400061759795	0.0051539046042088	0.0011895326208466
1,4	0.0152252002690366	0.0031844328318775	0.0069608271940225	0.0024560703607696
1,5	-0.0067520353702234	0.0033672692753895	0.0121066832924236	0.0024980981999849
1,6	-0.0070602357799798	0.0029298138450497	0.002520428503698	0.0008488979542111
1,7	0.0050345566020643	0.0021408951891625	-0.0066014807609009	0.0023599504913646
1,8	0.0007129534922102	0.0026218939980034	-0.0010066464767729	0.0010483951200354
1,9	0.0219466102386684	0.0055038952732971	0.0015464333571499	0.0027456322189116
1,10	0.1250961875550434	0.0081262681355232	0.0248079401005194	0.0012975621282408
1,11	0.070403495075771	0.0052815367803034	-0.0349601726083402	0.0039481079047592
1,12	-0.0097820741166114	0.0031500345557651	-0.0082224685945766	0.001873429724018
1,13	-0.001857186181329	0.0048602481492453	0.0015798302614138	0.0016460549177912
1,14	0.0272999350102412	0.0051996195557612	0.013997731373569	0.0022562688160094
1,15	-0.0192630666647756	0.0047888708077308	-0.0094824666283581	0.0022366990778785
2,3	0.0606357916570984	0.0055305523795902	0.0231069611767392	0.0039280920625313
2,4	0.0036713412937031	0.0060156072214538	0.0039489613903164	0.0035959595188795
2,5	0.0276400762901828	0.0061130324970261	-0.0009581096877613	0.0017497543872065
2,6	-0.0021884484009292	0.0023306911752824	0.0041822156915351	0.0012707226699656
2,7	-0.006387756979347	0.0042902333553549	0.0134355225408008	0.0034163083806157
2,8	-0.0046264229772442	0.0035528906456514	-0.0017235603664686	0.002127694587762
2,9	-0.008221629222002	0.0027386158969081	0.0021626655921003	0.0032313896394665
2,10	-0.0640298650672656	0.0035262987747473	0.0044430702736766	0.0022862915901872
2,11	-0.054533577245479	0.0058941607974773	0.0161066451163346	0.0026991297734858
2,12	0.0077575948382095	0.0028143051569691	0.0013440464629514	0.0006912449592782
2,13	0.0032424024982058	0.0024417400285714	0.0022140080495668	0.00225494682569
2,14	-0.0294684741706727	0.0034679154387048	-0.0082327637445135	0.0021446169919225
2,15	-0.0006194710302689	0.0035525183898565	0.0039711119015087	0.0015766079859484
3,4	0.007291960369438	0.0050866059735028	0.0008800105044814	0.0038576073244015
3,5	0.0131167093823051	0.004207581789376	0.0116644217658348	0.0036612501045408
3,6	-0.0044384658505745	0.0060108140154453	-0.00507487644849	0.0035819935271105
3,7	-0.0077963799274456	0.0044018101982363	0.0051917371034503	0.0019183344541895
3,8	0.0038579682121088	0.0022423320752774	0.0029157276049187	0.0026887013831562
3,9	0.0038709037231704	0.0050057142030762	0.0005000032988007	0.0022954541489327
3,10	-0.0186413684593687	0.0041714049195218	0.0017953729469913	0.0030841126624721
3,11	-0.0402042073343902	0.0030382035809265	-0.0112341498927829	0.0020635735969634
3,12	-0.0129108749258375	0.0048290086261381	-0.0079987276890368	0.0032564045018709
3,13	-0.0126506363648467	0.0053014072298194	-0.0092659723110557	0.0028219034577592
3,14	-0.0068375793790506	0.0057405740265875	0.0127038055094609	0.0028440692510453
3,15	0.000350792121312	0.0030146246305502	0.0032888028954275	0.0019847803007951
4,5	-0.0009358089675873	0.0013954072619122	-0.0205300012082268	0.000610108190357
4,6	-0.0078776954974676	0.0041645234046071	-0.0071179466012852	0.0031479316759024
4,7	-0.0851469505732117	0.0044322265243964	0.0207133210060004	0.0012632840755134
4,8	-0.0386870047932934	0.0041354156730931	-0.0108269373018776	0.001839952118058
4,9	-0.0624401147473335	0.0054474202531299	-0.0127521779102445	0.0028203576542335
4,10	-0.6624958959069531	0.0074593539123927	-0.0337982979772537	0.0042139724211095
4,11	-0.391895535203648	0.0039797198917654	0.0762480304051014	0.0038507950445309
4,12	0.0351300513670716	0.0043070555857628	-0.0157981774594676	0.0009888702008235
4,13	0.012582560072649	0.0034206721967776	0.0271290290504398	0.0027428635133737
4,14	-0.1223712986144795	0.0066544180479622	-0.0620550609354507	0.0028387442517877
4,15	0.0468706679037531	0.0050457913115491	0.0215439268866158	0.0029685469788361
5,6	-0.0088286882015351	0.0056906728582254	-0.008160998729149	0.0033249098853529
5,7	-0.0213905170585514	0.0073562151956016	-0.0374762139202777	0.0044096473393874
5,8	-0.0096772290290373	0.004677131906609	-0.0046316875484532	0.0022456542280857
5,9	0.0102794824123212	0.0025562564009581	-0.000991519070496	0.0008243295271478
5,10	0.2407184709154057	0.0034768849812407	0.0157122181735098	0.0040408930972117
5,11	0.182630708599572	0.0016789943876845	-0.0340177380715886	0.0033556270474661
5,12	0.0098133421171167	0.003735190796303	0.0091602150549015	0.00229733202334
5,13	-0.0435953922168235	0.0050030083831163	-0.0100257622951363	0.0018599457383317
5,14	0.0288649293666804	0.0027680100893438	0.0047628726163591	0.0020980307583307
5,15	0.00083799201082	0.0039670587432537	-0.0021340742344703	0.0027523016790225
6,7	-0.0117792675401435	0.0052410995109602	-0.0030646421771376	0.0017219164940634
6,8	-0.0042464592206054	0.0033188312096105	-0.0019331140427513	0.0022429759735422
6,9	0.0186119547331999	0.003226989180141	0.0098021110152761	0.0016607681475533
6,10	0.0071602986378561	0.0050827430337319	-0.0002063935106393	0.0021155102980212
6,11	0.0156987047963908	0.0046909741475101	0.0122376261978893	0.0037012244698491
6,12	-0.0038331043271181	0.0030639594311469	-0.0030016760214388	0.0028500564228443
6,13	-0.0022960816902554	0.0036236943864057	-0.0076414101534816	0.0032060852114032
6,14	0.0033005262217666	0.0040681592835008	0.0030241876864649	0.0034971390091873
6,15	-0.0002833532837141	0.0028939816175776	0.0023989804428033	0.0016932855269067
7,8	0.0215911158933897	0.0042691948726227	0.0102619202308308	0.0029171332310581
7,9	0.0023274606681303	0.0035290987329738	0.0208887173653798	0.0018467365831477
7,10	0.1761097240581922	0.0107193105924946	0.2040427710592485	0.0039899273116414
7,11	-0.1940268663052085	0.0024977478255694	0.1809730754097106	0.002084731229831
7,12	0.0657827219669618	0.0048789065181329	0.0340401885622427	0.001982985777888
7,13	-0.2512213297948162	0.002299975596679	-0.1040194818200851	0.002623366169714
7,14	-0.0963944421522804	0.0083640688369341	-0.0210202228763091	0.0051660264229075
7,15	-0.0007162918429232	0.0027978597002681	0.0169246813886495	0.0027954716672556
8,9	-0.0197149759535398	0.0022538040121216	-0.0085234058301703	0.0031874035818587
8,10	-0.2872606199620549	0.0045382760205375	-0.0793050904602457	0.0014480859770904
8,11	0.0465194857719737	0.0033732032065472	0.0815602990868103	0.0031294748474678
8,12	-0.0496662796352511	0.0024709937115414	-0.0256685936378097	0.0021671550889256
8,13	-0.0042435023370527	0.0034944012310663	-0.0192165124802746	0.0021022188823164
8,14	0.0477078908672865	0.0034237543385705	0.0416386398111914	0.0029484472074051
8,15	-0.001438594909381	0.0028111665905683	0.010867839972231	0.0011856779229106
9,10	-0.2112116374800029	0.0084141687557962	-0.0121422156920795	0.0016438818764008
9,11	-0.1117587751468799	0.0038133676502063	0.0688758135939442	0.0023486513859185
9,12	-0.0208075758785139	0.0023454535859912	-0.0108182071662333	0.0019345759935839
9,13	-0.0082118148788748	0.0021227314454142	-0.004671005910118	0.0021151330888564
9,14	0.0260168915141201	0.0012186219239343	0.0403099130361912	0.003203554209796
9,15	-0.0067698570798138	0.0039374505008929	-0.0008405656834152	0.0024493654225128
10,11	0.030479922366065	0.008271000680331	2.348187467623588	0.0031819202984084
10,12	-0.4622485301995075	0.0086029086071286	-0.1386174386544509	0.0025877827824651
10,13	0.1432829576624835	0.0048539959678503	0.1610674813007803	0.0021277160771436
10,14	-0.2572379624934561	0.0074787809823795	0.0050210522411771	0.0014396466640217
10,15	0.0007177611831449	0.0062274292922374	0.0048233454760923	0.0014054718979091
11,12	0.0144753470150341	0.0040516700285325	0.0224449487009604	0.0028877971152543
11,13	0.1957414583871215	0.0061423583943812	0.2000648121541352	0.0020106693602313
11,14	-0.2862204829316114	0.0058771786609592	0.1099852451887242	0.00278376119244
11,15	-0.0486919247362122	0.0065359003377517	0.0055375055434948	0.0025756164951293
12,13	0.2795806834050666	0.005141829936488	0.115850156645103	0.0021224272697271
12,14	-0.2273438239150812	0.0047577055171663	-0.0945164824465753	0.001703371305142
12,15	0.0299889814063113	0.0046144995618077	0.0050609158668455	0.0025408389513362
13,14	-0.0806447297380705	0.0054474429243721	-0.0476243478642557	0.0036333465548522
13,15	0.007561087217855	0.0051849148286746	-0.0036742406127195	0.0025992236589185
14,15	0.0162185651679635	0.0037693295095743	0.0133114116996917	0.0019324981352206
