Params: 	16
Term	Coefficient	Standard Error	Coefficient_Lin	Standard Error_Lin
Intercept	10.337189165694117
1	0.0519846579173033	0.0011247298029533	0.0120238790436941	0.0045818886417487
2	-0.0448400821933376	0.0024914062973558	-0.0166653006753409	0.0031940934451862
3	-0.0062496631549013	0.0016802341802366	0.0064650527391017	0.0020995279937019
4	-0.248097026035573	0.0013426289421591	-0.0910004822461317	0.0034688514530265
5	0.1054400794185162	0.0011899716750975	0.0513349648832274	0.0016299060031336
6	-0.0033955137979082	0.0031654398321617	0.0005447670075565	0.0029899873408031
7	-0.3588025222566192	0.0027711518467803	-0.1553570148217741	0.0027740633355078
8	-0.0551645516810762	0.0021484725304851	-0.0430731989878023	0.0016937278394331
9	-0.1165712143138257	0.002746565218835	-0.0712017544147679	0.0014068248152655
10	-2.775191788699759	0.0023327198747665	-1.194635102525199	0.0027743375311354
11	-3.081838591576858	0.0016166773192187	-1.6042888795166288	0.0040002020000796
12	0.0321157479026901	0.0031138487170919	-0.0709766191718465	0.0017965163176639
13	-0.1911870869426993	0.0020720920141918	-0.2165856381512002	0.0033695358417568
14	-0.2203919753096598	0.0018408618140063	-0.1000202483977348	0.0032247205313949
15	-0.0235486029277285	0.0024956707020644	-0.0123864863475733	0.00279790556205
