Params: 	121
Term	Coefficient	Standard Error	Coefficient_Lin	Standard Error_Lin
Intercept	9.479706439951489
1	-0.271599290595745	0.00403531934390435	-0.2715992905957438	0.0040353193439049695
2	-0.3179735011759287	0.01165807290745699	-0.31797350117592615	0.011658072907456168
3	-0.270396940235631	0.010519627008222664	-0.2703969402356316	0.010519627008223651
4	-0.4829032661029048	0.012036731331610638	-0.4829032661029064	0.012036731331610994
5	0.018194802799332284	0.005365067161788155	0.01819480279932873	0.005365067161783587
6	-0.09071488820221094	0.008593642545348872	-0.09071488820221041	0.00859364254534875
7	-0.04989023142229922	0.005754650711067775	-0.0498902314223024	0.005754650711065721
8	0.002637206782011893	0.009077154802884688	0.0026372067820141796	0.009077154802883437
9	0.008527085499827076	0.006397464001727663	0.00852708549982805	0.006397464001727327
10	0.09306751281531342	0.012501270785470356	0.09306751281530828	0.012501270785469193
11	-0.08607402109032403	0.01140818415398378	-0.08607402109032354	0.011408184153983583
12	-0.03353936873097267	0.010277313464809614	-0.03353936873096764	0.010277313464808828
13	-0.1862316529650832	0.0030918940667483785	-0.18623165296508218	0.0030918940667486417
14	-0.014281057162724615	0.009709143108119142	-0.014281057162726252	0.009709143108118158
15	0.005417480652810519	0.015510435042658685	0.0054174806528077	0.015510435042656643
1,2	0.061177317585807134	0.002864031665882711	0.061177317585806024	0.002864031665882177
1,3	-0.23400533966798495	0.0048445372561375195	-0.23400533966798537	0.004844537256137568
1,4	-0.046591908622495154	0.00512519249341337	-0.04659190862249526	0.005125192493413351
1,5	0.027580135283825434	0.004224880415554154	0.027580135283825264	0.004224880415554299
1,6	0.050778868315650594	0.0025103401775823995	0.05077886831564961	0.0025103401775818644
1,7	0.006517499985030759	0.006695644827171228	0.006517499985030831	0.006695644827171378
1,8	0.0006924810642474994	0.0048490894464526795	0.0006924810642465695	0.004849089446452286
1,9	0.0014020405497383605	0.004274165922797848	0.0014020405497375647	0.004274165922798295
1,10	-0.004730110540938003	0.0037888822708806885	-0.004730110540938153	0.00378888227088093
1,11	-0.008850446418291434	0.007231286140523133	-0.008850446418292274	0.007231286140523467
1,12	0.004182820021962552	0.003127896013592047	0.004182820021961067	0.0031278960135910357
1,13	-0.032980535569491196	0.0025917728005252186	-0.03298053556949175	0.0025917728005251856
1,14	-0.005303626755615956	0.004054496057386174	-0.005303626755616177	0.00405449605738607
1,15	0.003375211107113832	0.008193355758085455	0.00337521110711377	0.008193355758085611
2,3	0.08262512642397382	0.0024423201952825588	0.08262512642397311	0.0024423201952826425
2,4	0.14332467937041113	0.005689465040712476	0.14332467937041066	0.005689465040712333
2,5	0.01187286121579355	0.004770029571428939	0.011872861215793456	0.004770029571429213
2,6	-0.012015797858767486	0.004376076550052108	-0.012015797858768277	0.004376076550051867
2,7	-0.005484203985050493	0.004063806966516446	-0.0054842039850504145	0.004063806966516279
2,8	0.0003931587277398119	0.0025183144488472656	0.0003931587277390015	0.0025183144488468015
2,9	-0.00015871078470145497	0.003744451739905349	-0.00015871078470250968	0.00374445173990475
2,10	-0.002676794980821291	0.00450043933315769	-0.002676794980821419	0.004500439333157615
2,11	-0.007763199267060826	0.005227206321781891	-0.007763199267061674	0.0052272063217822014
2,12	-0.00018912464380845489	0.003648847678660521	-0.00018912464380988256	0.0036488476786599496
2,13	0.0035402206170137263	0.004851026240452884	0.003540220617012822	0.004851026240453013
2,14	-0.005933894591966199	0.002830395591252284	-0.0059338945919665004	0.0028303955912523738
2,15	-0.005020797639670742	0.0037630826967621047	-0.005020797639670949	0.0037630826967620713
3,4	0.25933085347349566	0.0058894768735379445	0.25933085347349555	0.0058894768735381015
3,5	-0.010624212217478758	0.0036992977614210202	-0.010624212217478378	0.0036992977614207045
3,6	0.010711234161602676	0.0033057077998076795	0.01071123416160194	0.0033057077998079297
3,7	0.007827957588232636	0.00518955143518133	0.007827957588232628	0.00518955143518092
3,8	0.011535650178595537	0.006865911459241486	0.011535650178594606	0.006865911459241483
3,9	-0.003950489641718517	0.004641458193696565	-0.0039504896417191775	0.004641458193696581
3,10	-0.0022823845354759007	0.0040582069119933974	-0.002282384535475531	0.0040582069119935674
3,11	-0.004103150209304908	0.003914998865071921	-0.004103150209304926	0.0039149988650718105
3,12	-0.007183510501225393	0.004487165515641194	-0.00718351050122627	0.0044871655156413556
3,13	-0.0067661391126379086	0.006475606608697381	-0.006766139112638105	0.006475606608697645
3,14	0.003232719509751964	0.0031713973384478802	0.0032327195097521877	0.0031713973384476664
3,15	-0.00040253240462484046	0.00368941436895907	-0.0004025324046248675	0.00368941436895949
4,5	0.11876586335399428	0.004066229097571378	0.11876586335399449	0.0040662290975718544
4,6	0.010553390164255622	0.003429481148501085	0.010553390164255357	0.003429481148501204
4,7	-0.02320575533213353	0.006569050186771838	-0.023205755332133173	0.006569050186771873
4,8	-0.014638879975463837	0.0036582338711051232	-0.014638879975464647	0.0036582338711047884
4,9	-0.014548117793556659	0.005783282104824292	-0.014548117793556904	0.005783282104824274
4,10	-0.04265841415930432	0.003905841300700878	-0.04265841415930401	0.00390584130070089
4,11	-0.005769094211921957	0.00502898320964422	-0.005769094211922225	0.005028983209644323
4,12	0.01887493289081163	0.002421870010438504	0.018874932890810985	0.002421870010438342
4,13	0.01756913375653679	0.0035001203925452895	0.0175691337565361	0.0035001203925452183
4,14	-0.02766793259882248	0.004245159689931068	-0.027667932598823032	0.004245159689931097
4,15	0.031956803589687645	0.0031893808107937125	0.03195680358968807	0.0031893808107932406
5,6	-0.003856365031576125	0.0028680983913844573	-0.003856365031576129	0.002868098391384214
5,7	-0.01961429257825677	0.0030688622769811324	-0.019614292578256053	0.0030688622769805495
5,8	0.004777465237516434	0.003932305688731294	0.004777465237516167	0.003932305688731156
5,9	0.007566739590735928	0.006735919375287899	0.007566739590735771	0.006735919375287719
5,10	0.017470751366844756	0.0046958173649038	0.017470751366845314	0.004695817364903401
5,11	0.026857126903436702	0.0064916434840813254	0.026857126903437018	0.006491643484081396
5,12	-0.013080901953643337	0.00255139622773663	-0.013080901953643564	0.0025513962277363992
5,13	-0.01846011575011535	0.005369240089896907	-0.018460115750115035	0.00536924008989677
5,14	0.006316616983904269	0.003617994214302743	0.0063166169839047855	0.003617994214303244
5,15	-0.011922410274302133	0.006499779491589542	-0.011922410274301489	0.006499779491588575
6,7	0.009868571850765364	0.002070560144688892	0.009868571850765475	0.0020705601446888828
6,8	0.007902396801170882	0.004897819868410296	0.007902396801169952	0.004897819868410329
6,9	0.0008813094744899534	0.00569767271255015	0.0008813094744893994	0.005697672712550066
6,10	-0.035237054659038945	0.004269383907652996	-0.035237054659038834	0.004269383907652691
6,11	0.04150837290805952	0.003986360157236434	0.04150837290805922	0.003986360157236328
6,12	0.03401260511943864	0.006299617518360877	0.03401260511943742	0.0062996175183611305
6,13	0.041079303940404946	0.004331977530785866	0.04107930394040439	0.00433197753078586
6,14	0.005960774597713614	0.004205551956301859	0.005960774597713487	0.0042055519563015805
6,15	-0.0022937329147331683	0.004684069162547274	-0.0022937329147333764	0.004684069162547175
7,8	-0.003968709334535668	0.003685708049601747	-0.0039687093345357	0.0036857080496017626
7,9	0.0017734251436962347	0.0024146897846717033	0.0017734251436959732	0.0024146897846718213
7,10	0.054133192226835256	0.003983129938898132	0.05413319222683578	0.003983129938898186
7,11	-0.006390501445016477	0.0028307811585610294	-0.0063905014450162225	0.002830781158560611
7,12	0.047943849464891414	0.0021897225150726363	0.04794384946489107	0.0021897225150730006
7,13	-0.055170620720353926	0.00790375396779347	-0.055170620720353905	0.007903753967793364
7,14	-0.04161191349234431	0.0056033444821645675	-0.04161191349234363	0.005603344482165491
7,15	0.01682773492814322	0.006466100761452066	0.01682773492814396	0.006466100761451296
8,9	-0.008025167269301439	0.005260367174055984	-0.0080251672693024	0.005260367174056297
8,10	-0.012439095076891251	0.0020714581563099086	-0.012439095076891431	0.0020714581563100066
8,11	0.0073310234956167454	0.00490288325554191	0.007331023495616489	0.004902883255541813
8,12	-0.004282852797061113	0.005981948919633696	-0.004282852797062459	0.005981948919633228
8,13	-0.0046914137535743	0.003427021495780665	-0.004691413753574821	0.0034270214957810717
8,14	-0.00669194596229952	0.008746907615807362	-0.006691945962299742	0.008746907615807289
8,15	0.007800531569858426	0.007040409083468142	0.007800531569858338	0.007040409083468313
9,10	0.014046718665586178	0.0022451064825541817	0.014046718665586136	0.002245106482554156
9,11	0.003388720738429998	0.00393765550270995	0.003388720738429736	0.003937655502710081
9,12	0.0010904847423747186	0.005394939240513784	0.001090484742373738	0.00539493924051321
9,13	-0.0014710523730058198	0.006345649346238827	-0.0014710523730063901	0.006345649346238635
9,14	0.007292342267324484	0.002419577524625874	0.007292342267324278	0.0024195775246259148
9,15	0.0033323260973080982	0.007092731354424312	0.0033323260973078875	0.007092731354424076
10,11	-0.042938487884293254	0.004138741474324539	-0.04293848788429265	0.00413874147432415
10,12	-0.09727009604704423	0.002451580961820811	-0.09727009604704465	0.0024515809618210157
10,13	0.02746000912536095	0.004757222501789473	0.02746000912536132	0.004757222501789387
10,14	0.0021752063120913647	0.003945192435775546	0.0021752063120918305	0.0039451924357757715
10,15	-0.015748224100907066	0.005651480965322422	-0.015748224100906524	0.005651480965321668
11,12	-0.000973843021489746	0.0034620319648323732	-0.0009738430214906804	0.0034620319648322713
11,13	0.09856862558346766	0.005664427077922387	0.09856862558346711	0.005664427077922363
11,14	0.03322303810073489	0.0014274198261634062	0.03322303810073505	0.001427419826163544
11,15	-0.023071778036149924	0.003906989015534193	-0.023071778036149744	0.003906989015534151
12,13	0.0843225923081045	0.0053715672037380245	0.08432259230810353	0.005371567203738135
12,14	-0.03273947907210147	0.004335905050438161	-0.03273947907210208	0.0043359050504380705
12,15	0.006125696635620277	0.0025173098325383036	0.006125696635619776	0.002517309832538363
13,14	0.04845717593083524	0.0037500298995963707	0.04845717593083521	0.003750029899596326
13,15	-0.00745499877415335	0.004130461761752307	-0.007454998774153225	0.004130461761752499
14,15	-0.02017326603432871	0.0014729674180165124	-0.02017326603432862	0.0014729674180159918
