Params: 	16
Term	Coefficient	Standard Error	Coefficient_Lin	Standard Error_Lin
Intercept	9.947886696929253
1	-0.0667480313833188	0.0020321209895288	-0.0322441065846812	0.0018586693675875
2	-0.0017559521160028	0.0015255385623339	-0.0023565893257901	0.0003162122022032
3	-0.0586959239864802	0.0023372347565433	-0.0289079296764652	0.0022150594250751
4	0.2898366469160355	0.0012929255425853	0.1431199524784377	0.0018364003534296
5	-4.237153200033275	0.0029671625778261	-2.139793613569726	0.0015034944958428
6	0.0250940064040322	0.0024305841699867	0.014996084385774	0.0018278119864511
7	-0.0245489426309641	0.0015697893056512	-0.0089208380988535	0.0022876660395028
8	-0.0480865509347832	0.0005394380594363	-0.0225859936238392	0.0013487759433763
9	0.0868725523598499	0.0014941551620286	0.0391595974752728	0.0006129534291341
10	-0.1914269264782851	0.0009897085172417	-0.0934263393104	0.0006309144633825
11	-1.018932859090572	0.001733479860156	-0.4995611686596118	0.0019050868426866
12	-0.2157725572109686	0.0013528670170941	-0.1011300182525636	0.0016064546707072
13	-0.2042623863366285	0.0025613344690695	-0.0995085614980178	0.002030231092237
14	-0.2334763626273147	0.0010200100100574	-0.1089162954325113	0.001386077290145
15	0.0389234939776645	0.0020227971259538	0.0122412106470844	0.0024041981281422
