Params: 	576
Term	Coefficient	Standard Error	Coefficient_Lin	Standard Error_Lin
Intercept	9.363742119789192
1	-0.15356277833281234	0.027962661405979177	-0.15356277833281815	0.02796266140598103
2	-0.16560610065145814	0.027907303086753984	-0.16560610065145903	0.027907303086754112
3	-0.11025820103755013	0.025305142424083035	-0.11025820103754991	0.025305142424081824
4	-0.29300330137622654	0.011663411149792639	-0.29300330137622466	0.01166341114979234
5	0.06921064029780116	0.01336295114573104	0.06921064029779918	0.013362951145731253
6	-0.04380170155528316	0.02401539477893095	-0.04380170155528614	0.02401539477893171
7	0.0075040300355700695	0.01984450878254039	0.007504030035567458	0.019844508782540123
8	0.04572694320284969	0.020136988801617444	0.04572694320285146	0.020136988801618048
9	0.03682147567287146	0.012049880986963569	0.0368214756728711	0.012049880986963623
10	0.25165620431724617	0.023083735913747003	0.2516562043172443	0.02308373591374704
11	-0.03429307833186925	0.02376871447291978	-0.034293078331869634	0.023768714472919596
12	-0.05891195451394195	0.015059203186317668	-0.058911954513943085	0.015059203186318176
13	-0.1027188592758043	0.021691463351393023	-0.10271885927580593	0.021691463351392985
14	0.06727157564593916	0.01681394756690156	0.06727157564593886	0.016813947566901754
15	-0.004816134848430495	0.013622223233796478	-0.004816134848431731	0.013622223233796341
1,2	0.03880149923531606	0.03015372793027134	0.038801499235317706	0.030153727930271816
1,3	-0.23457122506425634	0.020626869345114686	-0.2345712250642554	0.020626869345115335
1,4	-0.08614405206124123	0.018368270936105716	-0.08614405206123998	0.018368270936105983
1,5	-0.013872598181534001	0.01666132821584134	-0.013872598181532886	0.016661328215842156
1,6	-0.013493655027454915	0.016951344105719808	-0.013493655027452933	0.01695134410572044
1,7	-0.0323634206103038	0.006659304595347835	-0.03236342061030196	0.006659304595347195
1,8	-0.004382657435633432	0.028641976533786313	-0.004382657435631978	0.028641976533785952
1,9	0.0032865529510604855	0.009544039039696561	0.003286552951062309	0.009544039039696313
1,10	0.006462532334757266	0.015013539635971086	0.006462532334759141	0.01501353963597116
1,11	-0.03115550089597774	0.012036372244634934	-0.031155500895976306	0.012036372244634155
1,12	-0.010765360291213088	0.021165859499208236	-0.010765360291210984	0.021165859499208885
1,13	-0.05101346756752241	0.011787313362218207	-0.05101346756752116	0.01178731336221879
1,14	-0.029111210698889972	0.0300884421003006	-0.029111210698888595	0.03008844210030042
1,15	0.029766935079585905	0.016650225321335067	0.029766935079587453	0.016650225321335872
2,3	-0.17138213331262123	0.015416759833101697	-0.17138213331262	0.015416759833101548
2,4	0.016440247775834298	0.010087171710799401	0.016440247775835085	0.010087171710799205
2,5	-0.007346258685204105	0.008227814827278624	-0.007346258685204154	0.008227814827278303
2,6	0.012664360608984047	0.018557284060658073	0.012664360608985186	0.018557284060657833
2,7	-0.002743171914179848	0.018701816910736718	-0.0027431719141800446	0.018701816910736732
2,8	-0.007522952818978803	0.010267835276417994	-0.007522952818978827	0.010267835276417362
2,9	-0.014906277041089192	0.01639334995121832	-0.014906277041088947	0.016393349951218373
2,10	0.01583136114749501	0.011720600972218111	0.01583136114749582	0.011720600972218002
2,11	-0.026836418619122376	0.02105941967794673	-0.0268364186191214	0.021059419677946768
2,12	-0.0007258650533865888	0.016233296665172543	-0.00072586505338562	0.016233296665172415
2,13	-0.009108388601799458	0.022012612216742385	-0.009108388601799232	0.02201261221674227
2,14	-0.01958561566931786	0.021677963179843187	-0.019585615669316887	0.021677963179843395
2,15	-0.02372892222793452	0.014426295310122406	-0.02372892222793415	0.014426295310122282
3,4	-0.015287170162157521	0.01995158818329731	-0.015287170162156308	0.019951588183297092
3,5	0.058874976617097216	0.00479809358378546	0.05887497661709688	0.004798093583785363
3,6	-0.004036103497115482	0.01671542317385324	-0.004036103497115878	0.016715423173853522
3,7	-0.017094944144971175	0.0231364293549471	-0.017094944144970814	0.023136429354946995
3,8	-0.007701779271484355	0.01579632693379498	-0.007701779271484519	0.0157963269337946
3,9	-0.040910161051319935	0.020561384544762713	-0.04091016105131965	0.02056138454476239
3,10	-0.004627418194828745	0.02209393775557459	-0.004627418194828306	0.022093937755574538
3,11	-0.017674861262896812	0.025098287669217893	-0.017674861262897107	0.025098287669217585
3,12	0.015794231294740856	0.013558635238129871	0.015794231294741307	0.013558635238129897
3,13	0.018517284501022857	0.01228873261302995	0.01851728450102315	0.012288732613030139
3,14	-0.05581700424001026	0.015033914359899314	-0.05581700424000959	0.015033914359899562
3,15	0.007784171188835264	0.025237665517505954	0.007784171188835914	0.025237665517505344
4,5	0.048777594118409526	0.02182830431702883	0.04877759411840969	0.0218283043170292
4,6	0.05939324559492265	0.014134168991022834	0.05939324559492296	0.01413416899102321
4,7	0.07393238389018346	0.011389786992979482	0.07393238389018396	0.011389786992979023
4,8	0.006228326291893012	0.006645271131164452	0.0062283262918931895	0.006645271131164154
4,9	-0.009861788431276577	0.02700642300159234	-0.009861788431276325	0.027006423001592467
4,10	-0.005645872541356378	0.01777604957038842	-0.00564587254135584	0.017776049570388537
4,11	0.038107976154541055	0.01794296405416334	0.03810797615454205	0.0179429640541633
4,12	0.03258175939702654	0.017558953166827217	0.03258175939702643	0.01755895316682743
4,13	0.07114498184355166	0.008201106796931713	0.07114498184355214	0.008201106796931553
4,14	0.04538147899342483	0.019611950219739865	0.04538147899342619	0.01961195021973927
4,15	-0.03697382951995653	0.0055849144350215985	-0.0369738295199564	0.00558491443502125
5,6	-0.023230922139626138	0.008927134433276905	-0.023230922139625666	0.008927134433277055
5,7	-0.03465530049673205	0.011222507607463607	-0.03465530049673174	0.011222507607463328
5,8	-0.03265426038406456	0.009926939191429026	-0.03265426038406462	0.009926939191428933
5,9	-0.009159716675957264	0.014439127857085754	-0.009159716675956671	0.014439127857085947
5,10	0.00889383940340248	0.009490175433122241	0.008893839403402947	0.00949017543312201
5,11	-0.010805697614355693	0.008312489068555612	-0.01080569761435526	0.008312489068555471
5,12	-0.016657029529726322	0.018003042263036128	-0.016657029529726086	0.018003042263036197
5,13	-0.03787882820159836	0.004344400963539095	-0.03787882820159839	0.004344400963539088
5,14	-0.041496538913722215	0.011562770559131708	-0.04149653891372162	0.011562770559131992
5,15	0.023954329644759142	0.008028714100987204	0.023954329644759763	0.008028714100987053
6,7	-0.00062036918939086	0.018708925123287225	-0.0006203691893897027	0.0187089251232866
6,8	-0.015217284529511257	0.017270901332039047	-0.01521728452951101	0.017270901332039266
6,9	-0.03741743540275007	0.011164405095698639	-0.03741743540274915	0.011164405095698505
6,10	-0.18284455409073302	0.01340868625289083	-0.18284455409073253	0.013408686252890338
6,11	0.09780379571814982	0.02795222173522361	0.09780379571815072	0.027952221735224072
6,12	0.058617886120109285	0.012459453796353848	0.05861788612011012	0.01245945379635377
6,13	0.07936734510332907	0.008885036797760183	0.07936734510332978	0.008885036797760492
6,14	-0.006110191070530566	0.018112206724285936	-0.006110191070529995	0.018112206724286147
6,15	-0.030704961711551848	0.019424911243929446	-0.03070496171155095	0.019424911243929432
7,8	-0.01018168857111365	0.012542770745798758	-0.010181688571112752	0.012542770745799169
7,9	-0.011589003528159648	0.017918884495536504	-0.011589003528159735	0.01791888449553671
7,10	0.023317790064114018	0.012703412582053488	0.023317790064114427	0.012703412582053488
7,11	0.008484895097051795	0.01606600438284126	0.008484895097052487	0.016066004382841035
7,12	0.0004190873288936692	0.0183366994599156	0.000419087328894388	0.01833669945991561
7,13	-0.08291649994591134	0.01688795151867398	-0.08291649994591088	0.016887951518673724
7,14	-0.0297992482281487	0.013840006077386386	-0.02979924822814773	0.013840006077386531
7,15	0.005561076191580108	0.01888085092879513	0.005561076191581182	0.018880850928795205
8,9	-0.025729292410456177	0.006811420755607872	-0.025729292410455473	0.006811420755607491
8,10	0.032794839792473995	0.015157497242038458	0.03279483979247499	0.015157497242037781
8,11	-0.04360978971596754	0.02266075298197824	-0.04360978971596732	0.02266075298197835
8,12	-0.0012174114452987547	0.009937082986742033	-0.001217411445298458	0.009937082986742023
8,13	-0.019069086539044895	0.01921660061649356	-0.019069086539044888	0.019216600616493554
8,14	0.00479162649304236	0.016225385031286076	0.004791626493042147	0.016225385031286364
8,15	-0.017468986615998373	0.014760052237251237	-0.017468986615997696	0.0147600522372514
9,10	0.03230654584590008	0.005368383706884955	0.03230654584590157	0.005368383706885269
9,11	-0.009867852692022462	0.007335551922603127	-0.009867852692021933	0.007335551922603186
9,12	0.03616433547045077	0.016154129557235237	0.0361643354704515	0.016154129557235004
9,13	-0.006012828355785979	0.015353619007316258	-0.006012828355785237	0.015353619007316362
9,14	0.010745717800788285	0.0209869903448791	0.010745717800788607	0.020986990344878696
9,15	-0.015986194199759465	0.01075321428528581	-0.015986194199759017	0.010753214285285735
10,11	-0.18873355172338108	0.016547938111431616	-0.1887335517233799	0.016547938111431373
10,12	-0.1927907077064008	0.020883803932044157	-0.192790707706399	0.020883803932044042
10,13	-0.20760511395170284	0.023322452244958148	-0.20760511395170128	0.023322452244958235
10,14	-0.04214995112046245	0.01479227898448619	-0.042149951120461535	0.014792278984486096
10,15	0.014218077535482775	0.020842206605892435	0.014218077535482574	0.02084220660589272
11,12	0.024839940255227788	0.010557383622973628	0.02483994025522871	0.01055738362297371
11,13	0.10081244298483698	0.008131944146861674	0.10081244298483731	0.008131944146861967
11,14	0.010092648453187643	0.012581229646377074	0.010092648453188488	0.01258122964637727
11,15	0.0031086005732467122	0.005742501973955042	0.003108600573247597	0.005742501973955191
12,13	0.10817306655382897	0.010002891186521829	0.10817306655382927	0.010002891186521722
12,14	-0.034258851930620525	0.023037744817744545	-0.034258851930619665	0.02303774481774493
12,15	-0.0015259273670098325	0.007560520305153389	-0.0015259273670093765	0.007560520305153565
13,14	-0.012990543343325356	0.022286795539609484	-0.012990543343325153	0.022286795539609387
13,15	-0.03462560156650767	0.014963756825092702	-0.034625601566507146	0.014963756825092645
14,15	0.011032344175836149	0.012190864637532545	0.011032344175837362	0.0121908646375329
1,2,3	0.07371688091936814	0.0053932953671007805	0.07371688091936805	0.005393295367100735
1,2,4	0.07564554637664193	0.01091765659555173	0.07564554637664192	0.010917656595551726
1,2,5	0.002252804757869381	0.01104446968116259	0.0022528047578691075	0.011044469681162674
1,2,6	-0.02014939437799503	0.016082651012541672	-0.020149394377995313	0.016082651012541686
1,2,7	0.005225248611320657	0.0022875449948169257	0.0052252486113207606	0.002287544994816843
1,2,8	-0.007893782492347937	0.012031598406146638	-0.007893782492348154	0.012031598406146567
1,2,9	-0.002008680678408659	0.008458634696662491	-0.0020086806784090807	0.008458634696662696
1,2,10	-0.007559318459306104	0.003972137084344815	-0.007559318459306482	0.003972137084344747
1,2,11	-0.0010589102623534414	0.008359488126376768	-0.0010589102623536537	0.008359488126376857
1,2,12	-0.024199207958946277	0.011466878912530577	-0.02419920795894656	0.011466878912530502
1,2,13	0.010124046174450129	0.005606404873077925	0.010124046174449872	0.005606404873077985
1,2,14	0.0014185472955577274	0.008314768532008205	0.0014185472955574076	0.008314768532008165
1,2,15	-0.029529670287655026	0.0026035063392378377	-0.02952967028765504	0.002603506339237701
1,3,4	0.07522468668261759	0.014634124703671045	0.07522468668261746	0.014634124703671121
1,3,5	-0.030078605877918763	0.00621228739065214	-0.030078605877918423	0.0062122873906521395
1,3,6	-0.006670988138345141	0.008534635548165054	-0.006670988138345336	0.008534635548165269
1,3,7	0.02745717285791701	0.010633636069845189	0.02745717285791685	0.010633636069845303
1,3,8	-0.0004289234753611204	0.006687180452314683	-0.0004289234753612599	0.006687180452314719
1,3,9	0.01443960655327961	0.011682546336496697	0.014439606553279355	0.011682546336496662
1,3,10	0.009105552262183457	0.00448517660423321	0.009105552262183047	0.004485176604233128
1,3,11	-0.007692481060369983	0.011841749780696978	-0.007692481060369921	0.011841749780697026
1,3,12	-0.005557651179394668	0.007733090150331719	-0.005557651179394625	0.007733090150331681
1,3,13	0.027350477062650626	0.009600670003509138	0.02735047706265059	0.009600670003509186
1,3,14	0.008949697327545204	0.00648888695855726	0.00894969732754523	0.006488886958557376
1,3,15	-0.007961943573606484	0.009411830929780119	-0.007961943573606526	0.009411830929780275
1,4,5	0.0023853091479075586	0.007869256479772166	0.0023853091479071006	0.007869256479772095
1,4,6	0.013873409386081881	0.008677317502658875	0.013873409386081762	0.008677317502659116
1,4,7	0.009944487144055467	0.006816969764197109	0.009944487144055467	0.006816969764197056
1,4,8	-0.009551584782078187	0.010604803773984208	-0.009551584782078529	0.010604803773984484
1,4,9	-0.01348772848459336	0.007192422022073537	-0.013487728484593647	0.007192422022073653
1,4,10	0.008370747562158613	0.006825166562381035	0.008370747562158646	0.006825166562380997
1,4,11	-0.014682528391205266	0.006510049372468219	-0.014682528391205676	0.006510049372468021
1,4,12	0.005184342591551281	0.007441961610322546	0.005184342591551067	0.007441961610322586
1,4,13	-0.012508514666588005	0.00847353345332706	-0.012508514666588422	0.008473533453326958
1,4,14	-0.005355834701737221	0.012859157774547977	-0.005355834701738031	0.012859157774547885
1,4,15	0.0002333160516377251	0.004129660750556223	0.0002333160516374104	0.00412966075055601
1,5,6	0.0044826176502714195	0.0023918246896700726	0.004482617650271366	0.002391824689669989
1,5,7	-0.00850053299736429	0.006552612215226964	-0.008500532997364271	0.006552612215226858
1,5,8	0.019382312757926245	0.01201362132882187	0.019382312757926234	0.012013621328821871
1,5,9	-0.011781248109141962	0.003352182468217841	-0.011781248109141947	0.0033521824682177072
1,5,10	-0.0023631018233414543	0.0072695266256552135	-0.002363101823341523	0.007269526625655298
1,5,11	0.009736789224554806	0.007463210424566048	0.009736789224554582	0.007463210424566163
1,5,12	0.01623765881571563	0.007380013446649021	0.016237658815715497	0.007380013446649049
1,5,13	-0.001429586321386063	0.006021173970542406	-0.0014295863213859797	0.006021173970542507
1,5,14	0.029006805717802182	0.013560135467568192	0.029006805717801586	0.01356013546756836
1,5,15	-0.0007041278402825993	0.007385188979191773	-0.0007041278402828098	0.0073851889791917685
1,6,7	0.00458354571949132	0.009683909726511307	0.004583545719491317	0.00968390972651137
1,6,8	-0.005306669817573086	0.010019999809837594	-0.005306669817573383	0.010019999809837482
1,6,9	-0.0035840301216101557	0.004263575653707409	-0.0035840301216106276	0.004263575653707472
1,6,10	0.007590608751821231	0.00631174757208951	0.007590608751821026	0.006311747572089542
1,6,11	-0.006453654595465916	0.007973715509504478	-0.006453654595466518	0.007973715509504627
1,6,12	0.025926333590427092	0.0015508409874615105	0.02592633359042702	0.0015508409874615376
1,6,13	0.022976389439974855	0.008236554259579757	0.022976389439974453	0.00823655425957996
1,6,14	0.003116581052279785	0.007983403654956775	0.0031165810522794136	0.007983403654956613
1,6,15	0.006845073167894662	0.004718419810839205	0.006845073167894129	0.004718419810839089
1,7,8	0.0015306341899910178	0.004391610311185677	0.0015306341899909287	0.004391610311185635
1,7,9	-0.004066626418498173	0.008019512844329706	-0.004066626418498388	0.008019512844329755
1,7,10	0.014899603482438416	0.006930613817043932	0.014899603482438855	0.006930613817043987
1,7,11	0.0008887416281366086	0.0072359790034626165	0.0008887416281366776	0.007235979003462687
1,7,12	0.008491819378591966	0.008650218706752645	0.008491819378591855	0.008650218706752803
1,7,13	-0.018065545258187758	0.010802070887995353	-0.018065545258187665	0.010802070887995263
1,7,14	-0.0012151244679697584	0.012592763048185839	-0.0012151244679697345	0.012592763048185776
1,7,15	-0.003987409960183417	0.007512374600063834	-0.00398740996018331	0.007512374600063788
1,8,9	-0.0020635343811979054	0.005989840167782343	-0.002063534381198588	0.005989840167782227
1,8,10	0.010059318956977764	0.006940893675429339	0.010059318956977098	0.0069408936754292655
1,8,11	0.011407189958254686	0.0076048355671655705	0.011407189958254824	0.0076048355671653484
1,8,12	-0.02430709542226834	0.010096733820930869	-0.02430709542226828	0.01009673382093088
1,8,13	-0.015229920666831247	0.014824070929596625	-0.015229920666831386	0.014824070929596651
1,8,14	0.005382785430485025	0.004669043638598965	0.005382785430485179	0.004669043638598991
1,8,15	0.010187297821084403	0.005719281426041821	0.01018729782108425	0.005719281426041902
1,9,10	0.0056438381625592985	0.008105592495684339	0.005643838162558835	0.008105592495684454
1,9,11	0.009356678828144506	0.011656650087228628	0.009356678828143918	0.011656650087228899
1,9,12	0.007125584349663988	0.007962416406238897	0.007125584349663605	0.007962416406238761
1,9,13	0.0032295319470301495	0.010538370992248304	0.003229531947029983	0.010538370992248232
1,9,14	-0.006619611959035617	0.005153015252655441	-0.006619611959035992	0.005153015252655203
1,9,15	-0.01028897483007354	0.0069927744057263486	-0.010288974830073443	0.006992774405726451
1,10,11	-0.014502272037377731	0.007548474904960085	-0.01450227203737817	0.0075484749049600786
1,10,12	-0.034663299328695114	0.008666815444286664	-0.034663299328695274	0.008666815444286671
1,10,13	-0.014386815916059897	0.010852449654787943	-0.014386815916060402	0.010852449654787913
1,10,14	0.01542266694728558	0.010263114144521673	0.015422666947285396	0.010263114144521282
1,10,15	0.00926806244741168	0.012801670168125423	0.009268062447411735	0.012801670168125499
1,11,12	0.018983736183548063	0.008526803321377459	0.018983736183547956	0.00852680332137759
1,11,13	0.048495815994038315	0.00714214061355223	0.04849581599403805	0.0071421406135522055
1,11,14	-0.0038968323964529137	0.007377612220282819	-0.0038968323964530204	0.007377612220282918
1,11,15	-0.009432073403842334	0.008584542898761167	-0.009432073403842712	0.008584542898761214
1,12,13	0.02022385586109199	0.009253424686066627	0.020223855861091614	0.009253424686066656
1,12,14	-0.013115430570353952	0.012248732483502878	-0.01311543057035415	0.012248732483502792
1,12,15	0.007518932649859017	0.008984561378828351	0.00751893264985915	0.008984561378828347
1,13,14	-0.007188383971957366	0.014352160210242569	-0.0071883839719576025	0.01435216021024244
1,13,15	0.003830994140334369	0.016064638675627997	0.003830994140334129	0.01606463867562794
1,14,15	-0.00653679297528501	0.008766477090371679	-0.0065367929752853104	0.00876647709037158
2,3,4	0.25822401538189044	0.004758793533607301	0.2582240153818901	0.004758793533607438
2,3,5	-0.01999247092191657	0.002740462759142475	-0.019992470921916708	0.002740462759142275
2,3,6	-0.005603663299283366	0.010432131989808488	-0.005603663299283428	0.010432131989808323
2,3,7	0.015647328658346563	0.00834187812940238	0.015647328658346848	0.008341878129402226
2,3,8	0.0009395673935544697	0.007719032814434083	0.0009395673935544092	0.007719032814433929
2,3,9	0.0038943310856000266	0.008921739835681999	0.0038943310856002903	0.00892173983568219
2,3,10	-0.02781095649136301	0.004015051078417374	-0.02781095649136303	0.004015051078417471
2,3,11	0.0034223124326826808	0.006553376179371926	0.003422312432682445	0.006553376179371961
2,3,12	0.001999376562926257	0.00739585955483897	0.0019993765629260237	0.007395859554838872
2,3,13	0.008551686322614249	0.009831813443451281	0.008551686322614173	0.009831813443451255
2,3,14	0.026439001047498422	0.008840489217128718	0.02643900104749846	0.008840489217128685
2,3,15	-0.007957785983696522	0.006161800390488582	-0.007957785983696394	0.0061618003904884
2,4,5	-0.03613797835353915	0.011602529815323594	-0.03613797835353917	0.011602529815323545
2,4,6	-0.006143509866706924	0.01071871464575776	-0.006143509866707119	0.010718714645757592
2,4,7	-0.03313460676406994	0.0043015763665032545	-0.033134606764070186	0.004301576366503523
2,4,8	-0.005961730021993005	0.00491002079190439	-0.005961730021992956	0.004910020791904709
2,4,9	0.010930927995945836	0.00393201278829371	0.010930927995945507	0.00393201278829365
2,4,10	-0.012009003789300523	0.007257630738258034	-0.012009003789300816	0.007257630738258007
2,4,11	0.004468811794962197	0.01027142828503452	0.0044688117949619605	0.010271428285034662
2,4,12	0.006441995855948299	0.00860653225636673	0.006441995855947824	0.008606532256366829
2,4,13	0.01200639381570479	0.005416961629342884	0.01200639381570479	0.005416961629342851
2,4,14	0.002207777015211264	0.004238783734065452	0.0022077770152108193	0.004238783734065443
2,4,15	0.017839624384362852	0.01008191386112057	0.017839624384362835	0.010081913861120747
2,5,6	-0.0017599631772096704	0.009631403818170013	-0.001759963177209585	0.009631403818169947
2,5,7	0.029264118729892014	0.009441114160875725	0.029264118729892576	0.009441114160875601
2,5,8	-0.0046231052356022605	0.006749535963199848	-0.004623105235601983	0.006749535963199853
2,5,9	4.787176526944437e-05	0.01529687775641131	4.7871765269658084e-05	0.015296877756411363
2,5,10	0.00078183073563576	0.010093418842171544	0.0007818307356359571	0.010093418842171579
2,5,11	0.006377142760840501	0.009734144050131106	0.006377142760840529	0.009734144050130854
2,5,12	0.0036108740194919276	0.009157198828376373	0.0036108740194921475	0.009157198828376244
2,5,13	0.0004539747055134231	0.0045372352587907195	0.0004539747055135743	0.004537235258790739
2,5,14	0.00642110997133104	0.004502574818426616	0.00642110997133113	0.004502574818426649
2,5,15	-0.007774439122593327	0.01065204992995033	-0.0077744391225931615	0.010652049929950207
2,6,7	-0.009016594832074863	0.007367760051558723	-0.00901659483207474	0.007367760051558695
2,6,8	-0.0022627370916968046	0.00728678079302884	-0.0022627370916971684	0.007286780793028811
2,6,9	0.009837589114311929	0.004870332540016269	0.009837589114311828	0.004870332540016139
2,6,10	-0.00720281135767812	0.009926924908932051	-0.0072028113576778395	0.009926924908932258
2,6,11	0.017596190744517782	0.01162589040605852	0.017596190744517445	0.01162589040605847
2,6,12	-0.0057926335239803315	0.0033952162823584556	-0.005792633523980474	0.003395216282358275
2,6,13	0.0006182880041847346	0.01028771934932583	0.0006182880041845397	0.010287719349325757
2,6,14	-0.007385347145317462	0.010363144279375312	-0.007385347145317805	0.010363144279375574
2,6,15	0.007635495243020424	0.0023754261919984873	0.007635495243020483	0.002375426191998528
2,7,8	-0.005557399110139397	0.010707315175749382	-0.005557399110139135	0.010707315175749575
2,7,9	-0.0019487515629887289	0.005185495454743268	-0.0019487515629887508	0.005185495454743197
2,7,10	0.011426458996581448	0.010081002416432379	0.011426458996581618	0.010081002416432212
2,7,11	-0.0008577452140427199	0.011003313727821916	-0.0008577452140426621	0.011003313727821838
2,7,12	0.0019150895899364042	0.014567704335377307	0.0019150895899369233	0.014567704335377222
2,7,13	-0.017498461495323532	0.007603998381918137	-0.017498461495323005	0.007603998381918142
2,7,14	0.01659448903985723	0.004610547254982516	0.016594489039857562	0.004610547254982614
2,7,15	0.001692839269090883	0.009464500501057278	0.0016928392690910023	0.009464500501057453
2,8,9	0.019003857086548084	0.007585614178964251	0.019003857086548163	0.007585614178964452
2,8,10	-0.0003000606752184377	0.008995963442156332	-0.00030006067521859273	0.008995963442156264
2,8,11	0.009341363172622593	0.0038776641876966614	0.0093413631726225	0.003877664187696387
2,8,12	-0.0006128720110032626	0.011990520835431732	-0.0006128720110033306	0.011990520835431711
2,8,13	0.007807710625944669	0.007635784436155489	0.007807710625944547	0.007635784436155445
2,8,14	-0.019481974492441302	0.00880721117069691	-0.01948197449244125	0.008807211170697072
2,8,15	0.019762578650943975	0.008915460640279897	0.019762578650944183	0.00891546064027984
2,9,10	-0.011858078484202788	0.011786898908952684	-0.011858078484203127	0.011786898908952754
2,9,11	-0.007408585724717214	0.0025246456192072456	-0.00740858572471729	0.002524645619207178
2,9,12	-0.012051827963965108	0.007123653603982106	-0.012051827963965102	0.007123653603982283
2,9,13	0.007530381788815541	0.009048243744271817	0.007530381788815585	0.009048243744271687
2,9,14	-0.004620537848966558	0.007232131431415832	-0.004620537848966512	0.007232131431415728
2,9,15	0.006258010620027376	0.0059927667537191115	0.00625801062002727	0.005992766753719135
2,10,11	-0.0021411858343327868	0.005599701138512494	-0.0021411858343328336	0.00559970113851234
2,10,12	0.009580971347861384	0.00977818709778314	0.009580971347861112	0.009778187097783208
2,10,13	-0.008269987165345556	0.01628084643429921	-0.008269987165345907	0.016280846434299303
2,10,14	0.0009014506963038089	0.005663742667316018	0.0009014506963035823	0.005663742667316257
2,10,15	0.016701177886700634	0.008624585579495952	0.016701177886700534	0.008624585579496108
2,11,12	0.022201931873106633	0.005322221977024647	0.022201931873106668	0.005322221977024541
2,11,13	0.006235341755327998	0.00384006017133626	0.006235341755327787	0.0038400601713361937
2,11,14	-0.0034186638826686003	0.009789252141066091	-0.0034186638826689624	0.009789252141066124
2,11,15	-0.0023388843697327855	0.004744166679915487	-0.0023388843697330322	0.004744166679915479
2,12,13	-0.01160020551241534	0.006169128214082836	-0.01160020551241547	0.006169128214082838
2,12,14	0.003625054599327484	0.004785958127548521	0.0036250545993272267	0.004785958127548394
2,12,15	0.01431051222766666	0.0051732688189257865	0.014310512227666758	0.0051732688189259106
2,13,14	0.005328492092218215	0.004810924663707526	0.005328492092218165	0.004810924663707296
2,13,15	0.008331415806248476	0.003305172900230946	0.008331415806248077	0.003305172900230904
2,14,15	0.00766492585151545	0.00991917868838642	0.007664925851515045	0.009919178688386331
3,4,5	-0.017138390027417304	0.00830959111720608	-0.01713839002741736	0.008309591117206139
3,4,6	0.01018568544284433	0.006986150873726781	0.010185685442844145	0.006986150873726815
3,4,7	0.0068769214906135	0.010362344582271692	0.006876921490613408	0.01036234458227138
3,4,8	0.01312507741303785	0.010860636639922705	0.013125077413037553	0.010860636639922523
3,4,9	0.009962139149031888	0.012906322247661415	0.009962139149032007	0.01290632224766131
3,4,10	0.0030972689655027405	0.019021207612701502	0.0030972689655027253	0.01902120761270135
3,4,11	0.01359399311936356	0.002619784471691663	0.013593993119363565	0.002619784471691664
3,4,12	0.010052921451163228	0.007414462601166098	0.010052921451162967	0.007414462601166183
3,4,13	-0.006131345654501073	0.006500647858512326	-0.006131345654500979	0.006500647858512319
3,4,14	0.009096579236711935	0.008195129659059216	0.009096579236711592	0.008195129659059294
3,4,15	-0.0016604839676403048	0.01114475470642627	-0.0016604839676402621	0.011144754706426372
3,5,6	-0.00045715326849514703	0.006832969478637344	-0.00045715326849489046	0.006832969478637507
3,5,7	-0.030987626050931492	0.006866127274086221	-0.030987626050931354	0.006866127274086289
3,5,8	0.002254752944649493	0.005304104220340213	0.0022547529446498515	0.0053041042203399195
3,5,9	-0.003052859375381349	0.010799051172260208	-0.003052859375381446	0.010799051172260286
3,5,10	-0.0007467594958346519	0.006873543741149235	-0.0007467594958345794	0.0068735437411492125
3,5,11	-0.0031509591374806064	0.005068581304552421	-0.0031509591374802963	0.005068581304552608
3,5,12	0.004400198869421538	0.009080002569257397	0.00440019886942192	0.00908000256925737
3,5,13	-0.01226449184512648	0.009577036644915878	-0.01226449184512622	0.009577036644915942
3,5,14	0.0013898261685350638	0.003571958140354238	0.0013898261685352487	0.003571958140354406
3,5,15	0.006945008582559933	0.006872858803539706	0.006945008582560135	0.006872858803539715
3,6,7	0.004619551985820439	0.004883185538724556	0.004619551985820384	0.004883185538724363
3,6,8	-0.009550072860962185	0.007148024253565585	-0.009550072860961515	0.007148024253565463
3,6,9	0.0022418805201959904	0.0041253199391658515	0.002241880520195797	0.004125319939165782
3,6,10	0.010340194942508587	0.009517567554754651	0.010340194942508771	0.009517567554754459
3,6,11	-0.00781291426950076	0.0035812063978507527	-0.007812914269500395	0.0035812063978506756
3,6,12	0.009087983920034527	0.008943015366615596	0.009087983920034624	0.008943015366615467
3,6,13	-0.006626578595851031	0.010699264532835269	-0.006626578595850698	0.010699264532835432
3,6,14	0.011764620834166364	0.012111261477092131	0.011764620834166578	0.012111261477092225
3,6,15	-0.0012038227085640757	0.013649841420188215	-0.0012038227085641214	0.013649841420188191
3,7,8	0.0026560680601693237	0.0060273288606411245	0.0026560680601692976	0.00602732886064117
3,7,9	0.0048022473948321955	0.0035504740065044286	0.004802247394832345	0.003550474006504613
3,7,10	0.0008200640495973594	0.004468466762138826	0.0008200640495976671	0.00446846676213882
3,7,11	0.004100590952122727	0.012320700396280169	0.00410059095212277	0.01232070039628013
3,7,12	0.00923067846741842	0.008397992333561862	0.009230678467418558	0.008397992333561788
3,7,13	0.012040115091953605	0.004179237545121578	0.012040115091953607	0.004179237545121581
3,7,14	0.006615691005362659	0.007400255749790473	0.006615691005362796	0.0074002557497904195
3,7,15	-0.018592381118393998	0.008582406917397438	-0.018592381118393623	0.008582406917397265
3,8,9	0.007812622912068629	0.011060113452299762	0.007812622912068558	0.011060113452299849
3,8,10	0.009953108424775568	0.0018790037538766683	0.00995310842477538	0.0018790037538766065
3,8,11	-0.002255363252931577	0.007032408287867627	-0.0022553632529315848	0.007032408287867522
3,8,12	-0.02352859306539388	0.004687750191152859	-0.023528593065393788	0.00468775019115279
3,8,13	-0.004706353074299484	0.008123147811986321	-0.0047063530742994936	0.00812314781198631
3,8,14	0.013178041116272004	0.017322378259854783	0.013178041116272196	0.017322378259854932
3,8,15	-0.002116269501516713	0.00500373844661346	-0.0021162695015166343	0.0050037384466134266
3,9,10	0.0014670295932177955	0.004384979741435941	0.001467029593217574	0.004384979741436023
3,9,11	0.022375170672474843	0.008999219655509058	0.022375170672474735	0.00899921965550906
3,9,12	-0.0107937526160682	0.00779860162229874	-0.01079375261606825	0.007798601622298596
3,9,13	0.003784234745994762	0.008148739383670433	0.0037842347459945843	0.008148739383670582
3,9,14	0.012130878681492393	0.016407150031412885	0.01213087868149225	0.016407150031412774
3,9,15	0.006319945435849829	0.012883553092075551	0.006319945435849757	0.012883553092075416
3,10,11	0.022899048078017573	0.0046078396431636776	0.022899048078017466	0.00460783964316365
3,10,12	-0.0027821082827936047	0.009737256054411265	-0.002782108282793523	0.009737256054411274
3,10,13	-0.014161189006799838	0.00840690049356871	-0.014161189006800076	0.008406900493568877
3,10,14	0.013870899040649587	0.013578411862879345	0.013870899040649623	0.013578411862879416
3,10,15	-0.010580236634049873	0.004910384105547382	-0.010580236634049571	0.0049103841055473055
3,11,12	-0.007617189226410147	0.007831810807547466	-0.007617189226410297	0.007831810807547489
3,11,13	-0.012040419979061164	0.012745501095938404	-0.012040419979060746	0.012745501095938456
3,11,14	0.0019440065836847254	0.009357032284122864	0.001944006583684715	0.00935703228412279
3,11,15	-0.008165617623136948	0.005704898442830727	-0.008165617623137129	0.005704898442830787
3,12,13	-0.016152139876038207	0.008522615582267704	-0.016152139876038404	0.008522615582267558
3,12,14	0.0024426285202042144	0.008522772476805466	0.002442628520204393	0.00852277247680547
3,12,15	0.0033518599836381406	0.00995181305835138	0.0033518599836383466	0.009951813058351373
3,13,14	0.003502808027902089	0.006706847196275667	0.0035028080279020614	0.006706847196275778
3,13,15	0.0069737993433857375	0.00921381101406168	0.006973799343385809	0.009213811014061515
3,14,15	0.003736161345116061	0.0020998040115632003	0.003736161345116034	0.002099804011563469
4,5,6	-0.0032992119764874	0.00484678328071638	-0.0032992119764876674	0.004846783280716433
4,5,7	0.004332961885534477	0.003577471344796791	0.00433296188553451	0.00357747134479687
4,5,8	0.0035826076523404237	0.004786986109926691	0.0035826076523402806	0.004786986109926658
4,5,9	-0.0062199690267223965	0.009664375856267438	-0.006219969026722593	0.009664375856267423
4,5,10	0.004477161795706702	0.006272870391291601	0.0044771617957067465	0.0062728703912916526
4,5,11	-0.009595490374580592	0.006187040089803957	-0.009595490374580934	0.0061870400898041454
4,5,12	-0.03280515787301582	0.006919056930256017	-0.032805157873015786	0.006919056930256049
4,5,13	-0.011825341817892285	0.006828953884115542	-0.011825341817892607	0.0068289538841156865
4,5,14	0.024843155939174924	0.009279044033117538	0.02484315593917481	0.009279044033117318
4,5,15	-0.012470508753941952	0.01294529776020387	-0.01247050875394191	0.012945297760203887
4,6,7	0.003430684763320607	0.008289817614078586	0.003430684763320773	0.00828981761407883
4,6,8	-0.007947509746066745	0.009348125142022922	-0.007947509746066976	0.00934812514202281
4,6,9	-0.00708523567013995	0.008549557288205365	-0.007085235670140422	0.008549557288205592
4,6,10	0.016135286651923618	0.010330779428508794	0.01613528665192368	0.010330779428508807
4,6,11	-0.02989426450190883	0.017248349952504398	-0.02989426450190933	0.01724834995250444
4,6,12	-0.008635991440655005	0.004703394787894528	-0.00863599144065488	0.004703394787894591
4,6,13	-0.0326411075087224	0.00873687538160049	-0.032641107508722546	0.008736875381600498
4,6,14	-0.020132516742126894	0.0057196385428123124	-0.020132516742127106	0.005719638542812478
4,6,15	-0.004567233905081798	0.01227027378530713	-0.004567233905081632	0.01227027378530712
4,7,8	-0.006909154244087235	0.008057541564756786	-0.006909154244086642	0.00805754156475685
4,7,9	0.009445343668613087	0.003826559915990008	0.009445343668612783	0.003826559915989967
4,7,10	-0.040342017626810556	0.0048258494076519895	-0.040342017626810854	0.0048258494076521665
4,7,11	0.0004236612331897503	0.004385979172441618	0.0004236612331894865	0.004385979172441463
4,7,12	-0.0089464664753949	0.010574349453553223	-0.008946466475394427	0.010574349453553199
4,7,13	-0.011001066909050937	0.010113280236401536	-0.011001066909050753	0.010113280236401286
4,7,14	0.002589723816710785	0.002916686303663616	0.0025897238167108235	0.0029166863036637018
4,7,15	-0.0016911989272114097	0.009370946138745844	-0.0016911989272116173	0.009370946138745936
4,8,9	-0.007509351378991594	0.007298693583674422	-0.0075093513789913965	0.007298693583674261
4,8,10	-0.02290329740040884	0.004172004358354818	-0.02290329740040904	0.004172004358354874
4,8,11	0.017148245680011776	0.00816815232527985	0.017148245680011397	0.008168152325280044
4,8,12	0.0006326860601611686	0.003706884598738407	0.0006326860601612924	0.003706884598738689
4,8,13	0.01631966745917361	0.005879755853826047	0.016319667459173435	0.005879755853826054
4,8,14	-0.010103078542112492	0.015747877768644225	-0.01010307854211274	0.01574787776864392
4,8,15	0.005008356034120054	0.007246825100538933	0.005008356034119877	0.007246825100538767
4,9,10	0.014650733243032413	0.008437959144282747	0.014650733243032094	0.008437959144283
4,9,11	-0.006586660342549818	0.005099530384914191	-0.00658666034254978	0.005099530384914084
4,9,12	-0.0018116240791886708	0.011310502973396995	-0.0018116240791886597	0.011310502973396985
4,9,13	0.004878093120151169	0.006976879366060164	0.004878093120151007	0.0069768793660602004
4,9,14	-0.009261965226016465	0.0024511369294779313	-0.009261965226016897	0.00245113692947799
4,9,15	0.006308814037225438	0.009555434774241832	0.006308814037224953	0.009555434774241848
4,10,11	6.264369568345778e-05	0.011356429951847272	6.264369568322308e-05	0.011356429951847428
4,10,12	0.02506861080695093	0.008089479844789513	0.02506861080695043	0.008089479844789464
4,10,13	0.005109127647047711	0.005835168624464415	0.005109127647047405	0.0058351686244644185
4,10,14	0.0012975824594984354	0.006953872074815114	0.0012975824594982789	0.0069538720748152085
4,10,15	0.016399964177110017	0.00737352495998394	0.016399964177109545	0.007373524959984098
4,11,12	-0.006148033973747547	0.006917126290041557	-0.006148033973747784	0.0069171262900413885
4,11,13	-0.02558946904250801	0.010715997479230018	-0.025589469042508105	0.010715997479230112
4,11,14	-0.033515560892179296	0.012192038090204268	-0.03351556089217992	0.012192038090203883
4,11,15	0.014378860309955995	0.005731265784418095	0.014378860309955725	0.005731265784418123
4,12,13	-0.04283774009363292	0.007530763031999085	-0.042837740093632906	0.007530763031998947
4,12,14	0.0185391841441567	0.009887206524852626	0.018539184144156427	0.009887206524852716
4,12,15	-0.019806876009406088	0.01223443590722548	-0.019806876009406015	0.01223443590722543
4,13,14	-0.0256370049517727	0.007297649420262849	-0.025637004951773047	0.007297649420262809
4,13,15	0.01946659961662861	0.011410624915099794	0.01946659961662853	0.011410624915099718
4,14,15	0.012127097736435001	0.0032884459730271273	0.012127097736435246	0.0032884459730270705
5,6,7	0.008372472411980258	0.011147537242658748	0.00837247241198062	0.011147537242658751
5,6,8	0.0035918439925977505	0.012083766695419268	0.003591843992597972	0.012083766695419258
5,6,9	-0.009468967310522155	0.009158920411080075	-0.009468967310522379	0.009158920411079963
5,6,10	0.005486991497038669	0.012041611317360808	0.005486991497038964	0.012041611317360756
5,6,11	0.00639738269674874	0.009546773562888706	0.006397382696748663	0.009546773562888678
5,6,12	-0.001213645715967342	0.006429446067789868	-0.0012136457159670395	0.006429446067789754
5,6,13	0.01044439161699536	0.0021961158632551932	0.010444391616995443	0.002196115863255074
5,6,14	0.009021790535136357	0.00878381405264654	0.009021790535136517	0.008783814052646723
5,6,15	0.017936068238518697	0.00685868710460013	0.017936068238518475	0.006858687104599948
5,7,8	-0.007040701215952317	0.007126051700238068	-0.0070407012159519975	0.007126051700237988
5,7,9	0.016031170272980393	0.008453712920845017	0.016031170272980434	0.00845371292084503
5,7,10	0.01682259288557455	0.009305175097182908	0.01682259288557466	0.009305175097183007
5,7,11	0.0006145422425740569	0.003956954581717117	0.000614542242574005	0.003956954581717099
5,7,12	0.0015229721999175906	0.009825989352979538	0.001522972199917559	0.009825989352979576
5,7,13	0.01671009770075931	0.0072067367497370555	0.016710097700759468	0.007206736749737036
5,7,14	4.883752797737104e-05	0.0059344965835020445	4.883752797762223e-05	0.005934496583502002
5,7,15	-0.007823004308419304	0.006993372328199484	-0.007823004308419246	0.006993372328199343
5,8,9	0.007514141934410236	0.0072175690009388714	0.007514141934410199	0.00721756900093906
5,8,10	0.0039824987414129025	0.005053719659853233	0.003982498741412847	0.005053719659853089
5,8,11	0.004950511162913623	0.005387995869360631	0.004950511162913575	0.005387995869360796
5,8,12	0.0014833285964872746	0.009615929345250383	0.0014833285964874043	0.00961592934525018
5,8,13	0.014246416042401039	0.00721251519349643	0.014246416042401056	0.0072125151934963865
5,8,14	0.003923212693620805	0.009783408117907759	0.003923212693620838	0.009783408117907701
5,8,15	-0.0035947595770198584	0.005782904447641955	-0.0035947595770200605	0.005782904447641962
5,9,10	-0.006265527952211243	0.005659772933019309	-0.0062655279522114415	0.00565977293301923
5,9,11	0.015008047967186184	0.005152425394825345	0.015008047967186227	0.005152425394825417
5,9,12	0.009070776170836198	0.004678001955393359	0.009070776170836212	0.004678001955393236
5,9,13	0.003620858382211385	0.006964835976201664	0.0036208583822110916	0.006964835976201651
5,9,14	-0.0026980562180622947	0.010073597874231385	-0.0026980562180624864	0.010073597874231356
5,9,15	-0.002354294112577321	0.005491088848503372	-0.002354294112577346	0.00549108884850345
5,10,11	-0.013348288707535742	0.006359456036203865	-0.013348288707536297	0.0063594560362038996
5,10,12	-0.011706759526300398	0.009382709667103209	-0.011706759526300924	0.009382709667103138
5,10,13	0.007396877910645106	0.0013080873829163654	0.007396877910644939	0.0013080873829163404
5,10,14	-0.002458218931587201	0.004416774730350467	-0.0024582189315876185	0.0044167747303505474
5,10,15	-0.014780046584528006	0.00776595428848639	-0.014780046584527962	0.007765954288486403
5,11,12	-0.007492595809118968	0.004350116527597745	-0.007492595809119122	0.004350116527597876
5,11,13	0.0030702282841719303	0.006239622275331671	0.0030702282841717408	0.006239622275331766
5,11,14	0.011876630857735557	0.007771426119595791	0.011876630857735718	0.0077714261195957765
5,11,15	-0.003355282376369345	0.003156119361701357	-0.0033552823763693257	0.0031561193617013774
5,12,13	0.023860460502743784	0.002146751111289577	0.02386046050274403	0.002146751111289552
5,12,14	0.007408097660881538	0.012116105747410528	0.007408097660881507	0.012116105747410613
5,12,15	0.0022184949155397687	0.012072634123700991	0.0022184949155397127	0.01207263412370101
5,13,14	0.003986689943323638	0.008377649740767502	0.0039866899433237905	0.008377649740767493
5,13,15	-0.012457813025973818	0.0027424687523235386	-0.01245781302597384	0.0027424687523236162
5,14,15	-0.00563276298618008	0.006110262124660451	-0.005632762986180029	0.006110262124660371
6,7,8	0.0191764114767528	0.00871341477030807	0.019176411476752586	0.008713414770308054
6,7,9	-0.01039025903584153	0.012200606353822805	-0.010390259035841358	0.012200606353822693
6,7,10	-0.000635239247921527	0.009553841602394069	-0.0006352392479214098	0.009553841602394106
6,7,11	0.002457047638578287	0.00800107623188592	0.0024570476385783967	0.0080010762318859
6,7,12	-0.010837065202154442	0.00692340699117395	-0.01083706520215479	0.006923406991173987
6,7,13	-0.014919502712321186	0.010782975172340793	-0.014919502712321491	0.010782975172340661
6,7,14	0.006224125439160661	0.009071982915939594	0.006224125439160573	0.00907198291593961
6,7,15	-0.0021904454065352253	0.00900586711076334	-0.002190445406535239	0.00900586711076328
6,8,9	0.022551778910702945	0.00667125704944065	0.02255177891070259	0.006671257049440607
6,8,10	0.021160479734800237	0.010384749463758659	0.02116047973480028	0.010384749463758858
6,8,11	-0.016187662555060617	0.013782479325634658	-0.016187662555060715	0.013782479325634592
6,8,12	0.01654404609545961	0.008785444763510663	0.01654404609545966	0.008785444763510572
6,8,13	-0.009930153096940526	0.007384690434464637	-0.009930153096940491	0.007384690434464911
6,8,14	0.0010458569889674433	0.014453821862319761	0.0010458569889673114	0.014453821862319782
6,8,15	0.010334756552528005	0.00719717261973061	0.010334756552528138	0.007197172619730687
6,9,10	0.0006803200921845824	0.005443915666135144	0.0006803200921847436	0.005443915666135232
6,9,11	-0.0029202973674435327	0.009149126071418445	-0.0029202973674436602	0.009149126071418356
6,9,12	-0.0026617070750782025	0.008394914216738904	-0.00266170707507835	0.00839491421673886
6,9,13	0.015393238923534247	0.004166452208241574	0.015393238923534067	0.004166452208241449
6,9,14	0.024199230087268007	0.004408580047983557	0.02419923008726755	0.00440858004798364
6,9,15	0.03133364690086958	0.005951365088783794	0.0313336469008696	0.005951365088783724
6,10,11	0.08015395476871466	0.0039200468967351375	0.08015395476871467	0.003920046896735267
6,10,12	0.0812077971871265	0.013150042196622998	0.08120779718712587	0.013150042196623362
6,10,13	0.0698913678689336	0.00889957950308483	0.06989136786893349	0.00889957950308494
6,10,14	-0.007705271526296645	0.005625743496507082	-0.0077052715262968	0.005625743496506875
6,10,15	0.007795895418899301	0.0086083750367855	0.007795895418899296	0.008608375036785442
6,11,12	-0.06519941606031403	0.004102661871503402	-0.06519941606031429	0.004102661871503442
6,11,13	-0.08122353587891516	0.006435197226677066	-0.08122353587891516	0.006435197226677058
6,11,14	-0.0018981398752674849	0.00707466249931385	-0.001898139875267694	0.007074662499313871
6,11,15	-0.004945192971323127	0.00723606663096611	-0.004945192971323188	0.0072360666309661354
6,12,13	-0.07351831330516254	0.006665593915778059	-0.07351831330516252	0.0066655939157779
6,12,14	0.009792391283023208	0.006934397069813086	0.009792391283023097	0.006934397069813022
6,12,15	0.008790632916153684	0.004600720708831832	0.00879063291615325	0.004600720708831597
6,13,14	-0.007862136720050174	0.00877541416527616	-0.007862136720050166	0.008775414165276102
6,13,15	-0.0003046657789579389	0.012277741088710478	-0.00030466577895781386	0.012277741088710468
6,14,15	-0.007000312715355279	0.006935407531243689	-0.007000312715355349	0.00693540753124348
7,8,9	0.017553179366393598	0.008738800705016727	0.01755317936639385	0.008738800705016826
7,8,10	5.2006450719973425e-05	0.009288181187574348	5.2006450719904036e-05	0.00928818118757422
7,8,11	0.013824412224171597	0.012917224954739522	0.013824412224171884	0.01291722495473972
7,8,12	-0.004968645892035017	0.0015545954050239686	-0.004968645892035295	0.0015545954050242255
7,8,13	-0.01293559242835984	0.007519581172798114	-0.01293559242835978	0.007519581172798151
7,8,14	-0.0029595134291682964	0.009427413896001149	-0.0029595134291682096	0.009427413896001262
7,8,15	0.008783146363528485	0.007975038719424734	0.008783146363528319	0.007975038719424753
7,9,10	0.00792010489088744	0.003542691285199637	0.007920104890886943	0.0035426912851996223
7,9,11	-0.0045008281352178795	0.010173374968865338	-0.004500828135217733	0.01017337496886534
7,9,12	-0.007726343024730384	0.0039957070202483215	-0.007726343024730254	0.003995707020248187
7,9,13	0.0020592841288077624	0.006117553039342516	0.0020592841288080894	0.0061175530393423865
7,9,14	-0.0020140183021763467	0.006809673795085503	-0.0020140183021760995	0.006809673795085565
7,9,15	0.018212915838967107	0.010964420411214969	0.0182129158389669	0.01096442041121486
7,10,11	-0.022781822616746637	0.014376511256926685	-0.0227818226167464	0.014376511256926787
7,10,12	-0.012306098049871766	0.007098934068503373	-0.012306098049871933	0.007098934068503293
7,10,13	0.08222778506539903	0.00479955697428404	0.0822277850653989	0.004799556974284072
7,10,14	0.010264695525197676	0.008963972525720272	0.010264695525197643	0.008963972525720279
7,10,15	-0.018789290736804964	0.006953265809784162	-0.018789290736805152	0.006953265809784212
7,11,12	0.017898996546241434	0.008640294081928046	0.017898996546241448	0.00864029408192816
7,11,13	0.013155671781401196	0.004046750113455118	0.013155671781400832	0.004046750113454989
7,11,14	-0.011246396886799534	0.006613897606276546	-0.01124639688679928	0.006613897606276527
7,11,15	-0.013355608373859632	0.007507652854083791	-0.013355608373859476	0.007507652854083838
7,12,13	0.041431820351822454	0.010904202447189678	0.04143182035182254	0.010904202447189551
7,12,14	0.0011224135812871777	0.004379845947279517	0.001122413581287405	0.004379845947279713
7,12,15	0.0039057454516152326	0.00781169313905104	0.003905745451615058	0.007811693139051106
7,13,14	-0.03439848102354106	0.012345350947754895	-0.03439848102354086	0.012345350947755027
7,13,15	-0.0009399641061881778	0.00716009969651991	-0.000939964106187862	0.0071600996965198015
7,14,15	0.021680664541824057	0.009631651334007502	0.02168066454182401	0.009631651334007516
8,9,10	-0.016508075964801583	0.008291601797783871	-0.016508075964802044	0.008291601797784041
8,9,11	0.0013680055614508195	0.008855962249502356	0.001368005561450598	0.008855962249502155
8,9,12	0.0016052686191343145	0.006422436047743642	0.0016052686191341842	0.00642243604774349
8,9,13	-0.003954843886958118	0.007083835359319751	-0.003954843886958374	0.0070838353593196315
8,9,14	-0.02106869543752595	0.008214531036219351	-0.021068695437526198	0.008214531036219443
8,9,15	0.0125177784014853	0.006739122732654879	0.012517778401485357	0.0067391227326549456
8,10,11	-0.029869730531838046	0.009174616044273949	-0.02986973053183829	0.009174616044273972
8,10,12	-0.027256869931208627	0.00837049537359849	-0.027256869931209265	0.00837049537359829
8,10,13	0.0067173141978170234	0.010841887094822566	0.006717314197816682	0.010841887094822525
8,10,14	-0.013391403050484441	0.015361155085965266	-0.013391403050484543	0.015361155085965052
8,10,15	0.0035196855023097427	0.0030292275188808305	0.00351968550230978	0.0030292275188810724
8,11,12	0.02626796168368114	0.005614002792420455	0.026267961683681146	0.0056140027924205475
8,11,13	0.015001471933179286	0.011864871699306499	0.015001471933179578	0.011864871699306412
8,11,14	0.02771890029140183	0.008209734307034753	0.027718900291401956	0.008209734307034701
8,11,15	0.010630206339751504	0.007842708011209084	0.010630206339751385	0.007842708011209197
8,12,13	0.016547922253500724	0.0038552070574284624	0.0165479222535009	0.0038552070574284446
8,12,14	0.006540582738718749	0.01195317655225245	0.006540582738718751	0.011953176552252453
8,12,15	-0.015798863401578316	0.003633906956633232	-0.015798863401578402	0.003633906956633224
8,13,14	0.000756060008671786	0.006113469134802016	0.0007560600086720968	0.0061134691348021875
8,13,15	0.0007311614986121616	0.005673006671846027	0.0007311614986120179	0.005673006671845938
8,14,15	-0.00958446630409318	0.006047581809131678	-0.00958446630409343	0.006047581809131795
9,10,11	0.009662295195338007	0.008706779514789384	0.009662295195337574	0.008706779514789355
9,10,12	-0.033789661214962324	0.003478156657987848	-0.03378966121496263	0.0034781566579879367
9,10,13	0.0038263673862636988	0.0099302237736809	0.003826367386263672	0.00993022377368091
9,10,14	-0.009017229111239252	0.004573780336370756	-0.009017229111239625	0.004573780336370706
9,10,15	-0.005020738562020439	0.00524274867928716	-0.005020738562020513	0.005242748679287071
9,11,12	0.00875233564439606	0.0049316947633145985	0.00875233564439588	0.004931694763314543
9,11,13	-0.03620865697183752	0.007942265845902692	-0.03620865697183764	0.007942265845902696
9,11,14	-0.004076050167259385	0.010146926495471739	-0.004076050167259693	0.010146926495471796
9,11,15	0.003977237279776744	0.009960023344394954	0.003977237279776493	0.009960023344395058
9,12,13	0.0035588398600820497	0.0058420645209795235	0.003558839860081824	0.005842064520979644
9,12,14	-0.014878613083115198	0.013614492569636224	-0.014878613083115246	0.013614492569636151
9,12,15	-0.01966993869522086	0.008765336912614139	-0.01966993869522104	0.008765336912614094
9,13,14	0.013959769554691834	0.010859263184779798	0.013959769554691711	0.010859263184780052
9,13,15	0.005026506032463136	0.00601333571981675	0.0050265060324632006	0.006013335719816755
9,14,15	-0.014232076317311198	0.006179990883384783	-0.014232076317311493	0.006179990883384859
10,11,12	0.09850895395147563	0.00971428238959704	0.0985089539514753	0.009714282389596911
10,11,13	0.11744343647735256	0.013110815658342396	0.11744343647735203	0.013110815658342356
10,11,14	0.006328157044272188	0.009518135968861563	0.006328157044271994	0.009518135968861478
10,11,15	-0.007295114466455301	0.010606750759712097	-0.007295114466455118	0.010606750759712142
10,12,13	0.1019639587194178	0.009575523679487231	0.1019639587194174	0.00957552367948705
10,12,14	0.027104725392805507	0.00683032270136127	0.02710472539280519	0.006830322701361423
10,12,15	-0.008534709434892434	0.004683530824935877	-0.00853470943489251	0.004683530824935727
10,13,14	0.039436523095339	0.006023298877231151	0.03943652309533855	0.006023298877231411
10,13,15	-0.007720127499876872	0.009546214225574237	-0.00772012749987677	0.00954621422557437
10,14,15	0.0057660065511558455	0.011617809963059	0.005766006551155968	0.011617809963059098
11,12,13	-0.11273461650111889	0.0104763772515708	-0.11273461650111918	0.010476377251570884
11,12,14	-0.006726151553391117	0.008004178099007934	-0.006726151553391067	0.008004178099007907
11,12,15	0.012152007219602367	0.010213167790758638	0.012152007219602124	0.010213167790758747
11,13,14	0.05283081368161384	0.008967617255025415	0.052830813681613596	0.008967617255025487
11,13,15	0.015275425198176828	0.009724987180646657	0.0152754251981766	0.009724987180646742
11,14,15	-0.04052394529942937	0.008744351001044233	-0.04052394529942978	0.008744351001043921
12,13,14	-4.5019390102602616e-05	0.007049134435499035	-4.501939010251796e-05	0.007049134435499093
12,13,15	0.035178035848982867	0.00500566988227656	0.03517803584898277	0.005005669882276617
12,14,15	-0.013129531479948992	0.009753344286033234	-0.01312953147994909	0.009753344286033335
13,14,15	0.0005247896180308416	0.007203228291853607	0.0005247896180306813	0.007203228291853666
