Params: 	576
Term	Coefficient	Standard Error	Coefficient_Lin	Standard Error_Lin
Intercept	9.91250255438774
1	0.0305588169538146	0.0110412912349931	0.0041973704708493	0.0065089379875645
2	0.0089433216449441	0.0103094387647828	0.0288401251928362	0.0049450253427275
3	0.0646110568629493	0.0120109549074857	0.0599578100679705	0.0042442459668781
4	0.424233908831704	0.017618633510868	0.4413708445928033	0.0112065120003156
5	-3.586704508022857	0.0179438301406305	-2.951555814675257	0.0025181685239702
6	-0.0176649902639435	0.0085872362942178	-0.0054301436167446	0.0049735497662942
7	-0.0872519926736963	0.0052288946942062	-0.0972098611557533	0.0036694208455156
8	0.006545728142455	0.008464429736938	-0.0135835557428389	0.004366981594133
9	0.0311673539474154	0.0145609213744898	0.0468890507117034	0.006815939499889
10	-0.2052380797121035	0.0088680492554137	-0.2519599491395641	0.0069073814136766
11	-0.968013354766566	0.0022832125805485	-1.006167256884689	0.0018979949094886
12	0.0244294340307651	0.0088441613852636	-0.0075147640080112	0.0062649900057826
13	-0.2304386752003847	0.0118453124894735	-0.2739093678566853	0.0048679117502994
14	-0.3672812493120332	0.0066579737823032	-0.374783623051901	0.0054187054562559
15	-0.1041800777573956	0.0136222468196531	-0.1028715410955719	0.0089052182864646
1,2	0.004027840818998	0.015778373197923	0.0104983435298556	0.0082273321154427
1,3	-0.0026710044108984	0.0080507836545379	0.0064266279426798	0.0060517548214546
1,4	-0.1533477867793105	0.0101787710589556	-0.1393894819107882	0.0054035774795683
1,5	0.0010739775237336	0.0009525532186443	0.0250083184144235	0.0050293982948174
1,6	-0.0005619782107775	0.0132441727425437	-0.0001226965776207	0.0072361959555861
1,7	-0.0045543160993749	0.011348415392473	8.829899832910673e-05	0.007221372413561
1,8	0.0038728457014007	0.0054723461787518	0.0006656311498782	0.0049356820336567
1,9	0.0038704376607916	0.0105969031401646	-2.2890122378586624e-05	0.0050235103661884
1,10	-0.0245405176457547	0.0078506957304319	-0.0177336198552129	0.0044646823478617
1,11	-0.0895982658071042	0.0069070277241111	-0.0437881895414834	0.0042385717500943
1,12	-0.0380277011386102	0.0060401491848397	-0.0101215868981034	0.0049382027289863
1,13	-0.0194208057910504	0.0078462610291724	-0.0170411149211523	0.003248270281618
1,14	-0.0125522281345423	0.0074455821810398	-0.0058726405255844	0.005271218568138
1,15	0.0114985861776216	0.0087750083260753	-0.0006086943899513	0.0040577760262919
2,3	-0.0822750760166956	0.0080021022204788	-0.1134510707448314	0.0042998710766901
2,4	0.052158897048198	0.0099894737185136	0.0340355689874319	0.0040771776007755
2,5	0.0077432011341326	0.0057021197498527	-0.0523750362749113	0.0028583598678965
2,6	0.012579065467974	0.0113133715932135	0.0082039324355499	0.0077143456894727
2,7	0.0397830702687529	0.0140271654860583	0.0174542986386428	0.0079005218811376
2,8	0.0096001383722484	0.003510279661881	0.0086063508314161	0.0015391846960378
2,9	0.0269967682752748	0.0106642467766121	0.0170232429137815	0.0061837907144519
2,10	0.0160327424452028	0.0063952597493242	0.0116511228922084	0.0035464899086423
2,11	0.0384817980797938	0.0085707372611576	0.020322792677239	0.0049980924911833
2,12	-0.0201398034296504	0.0034496589037279	-0.0121446090970516	0.0032412168235077
2,13	0.0106548663269854	0.0061800163298355	0.0040092550477782	0.0041624435601949
2,14	-0.0351597138326838	0.0064073741960613	-0.020584457020474	0.0037021026088638
2,15	0.0090029280648524	0.0071038433892647	0.0132855961728622	0.0043228731713049
3,4	-0.0574902792988832	0.0108977050725597	-0.0847701188715227	0.0072820247399282
3,5	-0.0026117845969778	0.0031875470148487	-0.0522902094145008	0.0037897794751672
3,6	0.0092209079572369	0.013926958251912	0.0029769610494102	0.0086965517209704
3,7	0.0086580356411041	0.0031145655277339	0.0085448423948486	0.0042113195813142
3,8	-0.0118286103610185	0.0052961486300193	-0.0111061105956147	0.0041877915165585
3,9	0.009477905888487	0.0042818447586451	0.0007748312414045	0.0028577435289273
3,10	-0.0126833330240995	0.0124267499900954	-0.0091908691913834	0.0062637936847528
3,11	-0.0897204654420553	0.0028922287712278	-0.0323259265576812	0.004139532550728
3,12	-0.0602177210538657	0.0106847487459868	-0.0267013065806967	0.0037784321986912
3,13	0.0003068291668285	0.012311998273107	0.0064782356270106	0.0052105851347679
3,14	-0.0333029551617219	0.007889913560455	-0.0168127620251847	0.0030344085439588
3,15	0.02705173305464	0.0059731201764218	0.0014373911410859	0.0038855698877288
4,5	-0.2890128290718617	0.0215803042374812	-0.4653174047492173	0.0076835469630469
4,6	0.0202632229758383	0.0133522566729163	0.0152548220367359	0.0089804839791457
4,7	-0.0369520435032985	0.0036869415400968	-0.0244389578269194	0.0046625520649381
4,8	0.0026033535374223	0.0091511717538435	-0.000239976014904	0.002594964583371
4,9	-0.0080593399825938	0.0093708580566123	-0.0053138545864956	0.0052219999782282
4,10	-0.0505226112895443	0.0096088063601551	-0.0342475646556346	0.0045827021402761
4,11	0.1820366186485953	0.0056782494603254	0.0907770721276657	0.0045786021573766
4,12	-0.0457658383323553	0.008964988375771	-0.0528313797472893	0.0060750553329038
4,13	-0.0355716785828317	0.0083292802929262	-0.0171830927103758	0.0035790035644647
4,14	-0.0712438027521869	0.0044528351087351	-0.038655157261392	0.0041976282529671
4,15	0.0244325835422897	0.0140991636607244	0.0198205827682144	0.0099223628041334
5,6	-0.0025535311892252	0.0019798636394342	-0.0128638126205708	0.0055459797894777
5,7	0.000487954063521	0.0002561236690448	0.1051118568840903	0.0048076189193226
5,8	0.0018006391500383	0.0021782803809644	0.0307268354077726	0.0031151628014051
5,9	-0.0071005741193958	0.0035405803417428	-0.0594871698286333	0.0072142822922244
5,10	0.0185889411164825	0.0073797720686287	0.2952617035055431	0.008093617624031
5,11	0.0879491739202791	0.086079726074136	1.022896335207195	0.0030377718131358
5,12	-0.0017283454123054	0.0017174407244339	0.0260212488659383	0.0055163694303221
5,13	0.006425216821486	0.0032931280851694	0.3139016847258972	0.00202552628375
5,14	0.0001510058816627	0.0004225822736056	0.3655445792017058	0.006814707538561
5,15	0.00087707548806	0.0004988178165152	0.0939436946291399	0.0051231717965985
6,7	0.0298868776110095	0.008899540849782	0.0229480354879753	0.0043959881346733
6,8	-0.0094080205880884	0.0041732749168515	-0.0012771458347905	0.0018240851309019
6,9	-0.0178973255766176	0.0106951690275564	-0.0049838418438455	0.0049341279504155
6,10	0.0132582684533506	0.0053248807082261	0.0132654563201549	0.0021094843441222
6,11	0.0151728528718097	0.0146626707899878	0.0060866744178731	0.0072668041067833
6,12	0.0079814519511524	0.0113749335525221	0.0027891615915662	0.00518126433009
6,13	0.0393433975195065	0.0020058733279077	0.0135708115026309	0.001663494069185
6,14	0.0532407922940891	0.0053629818667022	0.0307077855345166	0.0050133267883565
6,15	-0.0241991227589121	0.0094656928941117	-0.0121646624009302	0.0051884438364041
7,8	0.0068661799380137	0.0101069462261864	0.0120195595587845	0.0056204907621727
7,9	-0.00494566670727	0.007761447089197	0.0005341706585442	0.0046558907665322
7,10	0.1312120726198405	0.0076032783908076	0.1627613508761045	0.0036933431161848
7,11	0.1104567395068899	0.0070494887713684	0.0886709501629082	0.0024627770722688
7,12	0.042435992718909	0.0064257548662285	0.0571525453366363	0.0044112781396425
7,13	-0.2515409682317708	0.0071342876070504	-0.1872147349209534	0.0030281119329792
7,14	0.0542335402799221	0.0070474123462723	0.0045397765783492	0.0050669164516113
7,15	-0.0377506073371996	0.0061834602152134	-0.0322694209688098	0.0064740485781159
8,9	-0.0125318223912299	0.0100244883483024	-0.0055014944855182	0.004335763856953
8,10	-0.0813881828715889	0.0088690973132457	-0.0621851921861135	0.0053006211450465
8,11	-0.0350444059735147	0.0066263297846806	-0.0042023973657275	0.003507748355063
8,12	-0.0524667593059978	0.0117404577481596	-0.0356269281231195	0.0058644413563363
8,13	0.0110644135688531	0.0074992385150397	0.0039165330624933	0.0036026294948423
8,14	0.0123702770090377	0.0015597492183094	0.0169910458958272	0.0017666067402113
8,15	-0.0263922050900885	0.0106752139777469	-0.0219658914809886	0.0056023955016354
9,10	0.0487758550351188	0.009296763038121	0.0315399210798004	0.0039648295224766
9,11	0.0527846259478032	0.0057970023368133	0.0390478918094787	0.0026951019955626
9,12	-0.0311119371555728	0.009126836235285	-0.0164112567185382	0.0066326923443935
9,13	0.0519427433905298	0.0153944074617061	0.019329555303369	0.0085176926201854
9,14	0.0714110327479922	0.0090586323026296	0.0411724272044274	0.005601386945529
9,15	-0.018908761853056	0.0118249902499847	-0.0116779873791153	0.0052309451964448
10,11	-0.0942324853716461	0.0033437478404427	-0.0583746305151789	0.0034183899018412
10,12	-0.0443302036589947	0.0108661857123434	-0.0537715432628557	0.0069741015762347
10,13	0.125464830172461	0.0101401779201242	0.1327738551505722	0.0051297583678671
10,14	-0.1642200900244447	0.0078886495600295	-0.0721862880916299	0.0035049808208469
10,15	-0.0258404203312144	0.0048815896669885	-0.0129257283450245	0.0026109490674086
11,12	-0.2720007626087821	0.0118966655637435	-0.2336804248056959	0.0077665613561865
11,13	-0.0185274737423427	0.0075948877863099	0.0348006354455718	0.0030730112770997
11,14	0.0639668460775698	0.0079403272539542	0.0375201778952396	0.0064594473658026
11,15	-0.0747654154042009	0.0076002869924022	-0.0031749797543175	0.0058637305074396
12,13	0.0097806598114928	0.0085069978282723	0.0662638978036998	0.0059602416163586
12,14	-0.0519163927957648	0.0034198269805233	-0.0633725594235161	0.0032116928813138
12,15	-0.0343408498382282	0.0072430642579003	-0.0798876086021201	0.0036115382360843
13,14	-0.0712813079922236	0.0053899680174056	-0.0299801026019986	0.0033795423602961
13,15	0.0218774661007052	0.0112559900142266	0.0244879175364452	0.0054419783967933
14,15	0.441138625771157	0.0065209415021766	0.4158272524610219	0.0043679376144319
1,2,3	0.0030354720565173	0.0094844260270029	0.0026107317287824	0.0043358584061557
1,2,4	0.0360199563327479	0.0029497507368498	0.0205059882307747	0.0023019868438109
1,2,5	0.0011591503948842	0.0005372611102173	-0.0212842973235911	0.001665882046682
1,2,6	0.0006738031024566	0.0052596356766197	0.0003222041320041	0.0033320564702849
1,2,7	0.0004403972766932	0.0048035063254037	0.0017166855747762	0.0018193370096469
1,2,8	0.0024224114151464	0.0022911735881277	0.0018455740666004	0.0013984924580742
1,2,9	-0.0096639365010316	0.0043862872934316	-0.0060315507995972	0.0019424837331084
1,2,10	-0.0115563870847423	0.0085644221639418	-0.0047131470557702	0.0048854532306647
1,2,11	-0.0088882257675886	0.0063612348074844	-0.0051821303672847	0.002833633047278
1,2,12	0.0082227261464928	0.0025503715694736	0.0025602575964569	0.0010578711267931
1,2,13	0.0028385178705971	0.0031184930477293	0.0046800376130853	0.0021895084976425
1,2,14	0.018083473343067	0.0059849948441704	0.0085870932430605	0.0030027040940136
1,2,15	-0.0087757752988553	0.0022276183462159	-0.0047334243248701	0.001741604804685
1,3,4	0.01726672223301	0.0086653297068261	0.0114443337203904	0.0048923180510143
1,3,5	0.0006839201714647	0.0009316220496023	-0.0207033649352189	0.0037685340933612
1,3,6	-0.005302495966511	0.0139643605136827	-0.0017593264515045	0.0072010800305424
1,3,7	-0.0006741286150661	0.0026879896706106	-0.0006164883810765	0.0019847133315864
1,3,8	0.0034546824040212	0.0028170863874575	0.0019776304908957	0.0019891151857126
1,3,9	-0.0092018797175712	0.0091176289929442	-0.0073789522060386	0.0042811908820581
1,3,10	0.0118229019129479	0.0062789102351382	0.0075740482942429	0.0034414823616686
1,3,11	0.0087522919066231	0.0026771735539656	0.0079964999161604	0.0015513666283896
1,3,12	0.0003520197377176	0.0039744361012175	0.0022474466526595	0.0010219127352589
1,3,13	-0.0013935910008159	0.0046575249005545	0.0004750234845773	0.0027989835152888
1,3,14	-0.0025537179587687	0.0037935520965608	0.0007074338753167	0.0025973011923956
1,3,15	0.0188805690167211	0.0095127313286273	0.0055903662854095	0.0052933019722644
1,4,5	-0.0034014201361163	0.0039807733208411	0.1237325499985367	0.0040040184140151
1,4,6	-0.0007678362435547	0.0065284697639247	-0.0004340102626583	0.0035118081884528
1,4,7	0.0020907930857068	0.003338263001173	0.0009038474471732	0.0014529735579973
1,4,8	-0.0051995379461417	0.0046402458217138	-0.0019622332338489	0.0014955697021025
1,4,9	-0.0005983421750045	0.0040649948984329	-7.273852374806026e-05	0.0026277092321046
1,4,10	-0.0117893397590562	0.0038687653223562	-0.004970023297655	0.0013782502862496
1,4,11	0.0312904257013789	0.0053597792012943	0.0106725387561628	0.0030468895747083
1,4,12	0.0116003734245735	0.0040823631583178	0.0043152930740661	0.0025591597618919
1,4,13	-0.0018512927867616	0.0058722586668653	-0.002195580430826	0.0022630557832283
1,4,14	0.0050470097250948	0.0061720242827226	0.0004674995675497	0.0029298157190053
1,4,15	-0.0153780070022671	0.0035715362805543	-0.0067266667463845	0.0021160198265571
1,5,6	0.0001520577890103	0.0003502393999417	0.0003115910058681	0.003515459597373
1,5,7	0.0013222054336949	0.001471578920306	-0.0043661553292628	0.002328786160877
1,5,8	0.0002281929483007	0.0005207481340765	0.0015800683254005	0.0028381185235435
1,5,9	-0.0004983478535668	0.0004729698405075	0.0024857619911134	0.0014742664577556
1,5,10	0.0013919203413455	0.0005592804049122	0.0076385033395047	0.0039114715896212
1,5,11	0.000814517299182	0.0003962000808252	0.0032776587071651	0.0018691102918685
1,5,12	0.0007714459004726	0.0004001145003781	-0.0113478231205772	0.0028241594060914
1,5,13	0.0012149216922268	0.0004396899301281	0.008668362084931	0.0024488141432321
1,5,14	0.0032245916922165	0.0026539402387421	-0.0012537073521821	0.0039121938325683
1,5,15	0.001078636112411	0.0007314744587021	0.0070325202253428	0.0034413694453381
1,6,7	-0.0127374804032296	0.0096677391878173	-0.0050497759127332	0.0053545411323785
1,6,8	0.0061102302432896	0.0040937767011618	0.0041403698417129	0.0017946554524941
1,6,9	0.0123755041546288	0.0043110000036419	0.0020057772085225	0.0026541254720734
1,6,10	-0.0023688163159911	0.0074464421340797	-0.0006723405965765	0.0034585832144886
1,6,11	-0.0107231792072184	0.0062942109518722	-0.0055792719467996	0.0039929415670555
1,6,12	0.0082790312528286	0.0052974715053383	0.0034995785764711	0.0026335589621172
1,6,13	0.0019645208609724	0.0028853107616997	0.0005030404715779	0.0020288610154497
1,6,14	0.0014748380645981	0.0076825798000209	0.0009269520504565	0.0035004465012011
1,6,15	-0.0004344800347775	0.0056712186589483	0.0001428423792857	0.002628518858605
1,7,8	0.0011222603347649	0.00372395808298	-0.002925777925326	0.001959532333617
1,7,9	-0.0023828132031428	0.0062843811771222	-0.0003754505046711	0.0028375840388177
1,7,10	0.0147680714755692	0.0024391275019964	0.0078857540999986	0.0016621357534202
1,7,11	0.0180650497220722	0.003616050179177	0.0082304434087144	0.0022204493674317
1,7,12	0.0058895714002084	0.0017345198367485	0.0027533821491222	0.0012390236753162
1,7,13	-0.0029320129481576	0.0075775595233523	-0.0024612508956282	0.004370220490303
1,7,14	-0.0023023970380628	0.0050711245296682	-0.0002168969336056	0.0023783699676946
1,7,15	-0.0027761783145275	0.0047122898257901	-0.0006087538413966	0.0026826714880743
1,8,9	-0.0096815493282001	0.0034514076622909	-0.002432565083046	0.0022222327812503
1,8,10	-0.0003981380208814	0.0070145959417369	-0.0012904524636187	0.0037765945146565
1,8,11	0.0051626324722012	0.0023683702249499	0.0013219094550568	0.001697458853376
1,8,12	0.0044284242059484	0.0053172262469843	0.0003120806617243	0.0030356365416058
1,8,13	-0.0170916457658992	0.0052384991553449	-0.0072526322973324	0.0027547853020179
1,8,14	-0.0108655103520777	0.005625071305132	-0.0055575865783684	0.0024231275278223
1,8,15	0.010659500299046	0.0025897887999778	0.0060936496508208	0.0020809610993721
1,9,10	0.0044481803373138	0.0059106398869397	0.0035643173208738	0.0028975770673102
1,9,11	-0.0162724373410345	0.0044408769444493	-0.0062668857991437	0.0018603938801273
1,9,12	-0.0066592980016814	0.0035465942393264	-0.0002252994268625	0.0017722516035761
1,9,13	0.0013310086251891	0.007253705355834	0.0022540411187736	0.0030419817758672
1,9,14	-0.0009264986945797	0.0054277317964866	0.0028460347512055	0.0030736590535056
1,9,15	0.0188380640376865	0.0035481930619984	0.0069606702257148	0.0019464253665242
1,10,11	0.0298793279921282	0.0025056279365307	0.0137306658085414	0.0013179038434663
1,10,12	0.0173105403161973	0.0041833249341675	0.0055166575039428	0.002638420901136
1,10,13	0.002216024728154	0.007803177177736	0.0040932255660774	0.0046091117767533
1,10,14	-0.0239313506241747	0.0047068150333888	-0.0117798441590238	0.0028239133187993
1,10,15	0.0073805343945418	0.0028881126396322	0.0038995528728365	0.0013368201227941
1,11,12	0.0316388853579896	0.0033873821647989	0.0133766803002631	0.0014837607568365
1,11,13	0.061918942389832	0.0093847172639472	0.027051249773974	0.0042497623565341
1,11,14	0.058141742004704	0.0087158107893059	0.0238572735237212	0.0044796126705668
1,11,15	-0.0253404564159713	0.0069484633205518	-0.0070798844228398	0.0043074114815006
1,12,13	0.0016353459283039	0.0080859726075739	0.0008099599691263	0.0040138133634139
1,12,14	0.0229000249344496	0.00430730146662	0.0061245170160059	0.0021033231017448
1,12,15	-0.0006044281394874	0.0052472101234619	0.001534434879294	0.0020727826264987
1,13,14	0.0009561116119264	0.0031956551895867	-0.0014063211714	0.0026174588118605
1,13,15	-0.0224627600964066	0.0088669814516939	-0.0076069537136097	0.0036128046065423
1,14,15	-0.0277134629948549	0.0051448516298462	-0.009526838209551	0.0033224421382443
2,3,4	-0.1579325219485964	0.0017429733486804	-0.0810655347596716	0.0010983673465705
2,3,5	0.0075374424070272	0.0020864225383859	0.1481196261054506	0.0014095618706343
2,3,6	-0.0046661658883762	0.004243468642658	-0.0018531125750189	0.0018661105304527
2,3,7	-0.0056314333518463	0.0101277046537187	-0.0030484130062407	0.0056293182392971
2,3,8	-0.0033825338300271	0.0063511837492122	-0.0017890077863255	0.002682125038838
2,3,9	-0.004085170789048	0.0063067871443021	-0.0003109797458412	0.0037750249294369
2,3,10	0.0085295156585194	0.0034495112917873	0.0043867690030744	0.0017760538958042
2,3,11	0.0172332269304135	0.0029435375272338	0.0026952159625545	0.0007742151131496
2,3,12	0.0262905438600302	0.0043058617763339	0.0077332073878856	0.0026509585853359
2,3,13	-0.0106332445323022	0.0058895427096885	-0.0059771828830137	0.0027708056690218
2,3,14	0.0351283662828385	0.0060257041078815	0.0131786811903918	0.0026001287176043
2,3,15	-0.0268237925759136	0.0055098447200383	-0.0081594128651539	0.0020749667707401
2,4,5	-0.0794074105278337	0.0297895245367829	-0.0189380201097473	0.0051559632533624
2,4,6	-0.0019848465349393	0.005208752005036	-0.0006459355548513	0.003000277781506
2,4,7	-0.0008907569154678	0.0038211586431749	-0.0031708318072291	0.0021805278688486
2,4,8	-0.0099805325048444	0.0030699424690888	-0.0054505994006698	0.0011520191387917
2,4,9	0.0016045227259616	0.0032218335497824	0.0010066585013566	0.0025548971493284
2,4,10	0.0135833611132004	0.0023790790351609	0.0078974316904777	0.0012344487657152
2,4,11	0.0075085297994719	0.0080054309762865	0.0063604489839869	0.0040304484800008
2,4,12	0.0094717177272906	0.0071456221531008	0.0081693536776573	0.0036687058428697
2,4,13	0.0061226783724	0.0057243947987059	0.002889811406016	0.0034335945755415
2,4,14	0.018374335894984	0.0078644792510822	0.0114933371275218	0.0040317716354839
2,4,15	0.005856098769955	0.0043558626281643	0.0007251232388385	0.0011160510196892
2,5,6	0.0007535608505809	0.0010425391461708	0.0008156707997586	0.0020825953182374
2,5,7	0.0001120992169419	0.0011826341013682	0.0009619182932153	0.0043914605743074
2,5,8	-0.0007571156013867	0.0004596593116911	-0.0068654365211585	0.0022358308433881
2,5,9	0.0013687303959351	0.0019643693784357	-0.0030470412635531	0.0014753916439249
2,5,10	0.0008769367966606	0.0004894292409458	-0.0052898469844999	0.0038405559885418
2,5,11	0.0021942038247558	0.001714991216711	-0.0067771549883222	0.0023622367913776
2,5,12	-0.0005581731625583	0.0009025383391621	0.0073339920971254	0.0028817889093596
2,5,13	0.0010449323871891	0.0008260304465392	0.0052276385977079	0.0030284265020283
2,5,14	-7.4221257668122e-05	0.000282400946312	0.0088523907669552	0.0018586893595665
2,5,15	0.0009880342977225	0.0007082559971399	-0.0119983770364238	0.0028906183040081
2,6,7	-0.0080660199421416	0.0060099521581182	-0.0052963491511733	0.0036557241553542
2,6,8	-0.0016134264093362	0.0062362764087107	-0.0026624809435559	0.0038262849819537
2,6,9	-0.0144962924714619	0.0026248651243094	-0.0081832983253097	0.0019470747582099
2,6,10	-0.0042206708407194	0.0067523355508025	-0.0021720829971499	0.0033809058078135
2,6,11	-0.0110195312921225	0.0057232887674367	-0.0041049783099515	0.0029695744360753
2,6,12	-0.0004804827441247	0.0089324728317697	0.0003680407557813	0.0049572014787199
2,6,13	0.0030705257134972	0.0036137481748708	0.0012948795131876	0.0012487377634351
2,6,14	0.0025593377609868	0.0055651677343117	0.0010041798402383	0.0029365800251523
2,6,15	0.0140147182397418	0.0070608376071998	0.0047997117610065	0.0039372245736099
2,7,8	-0.0130376511092045	0.0041679402952214	-0.0051667427963775	0.0022140164314648
2,7,9	-0.0084600094437557	0.0025906896018457	-0.0050996206709524	0.0006232459471976
2,7,10	-0.0159947806718958	0.0069028988422067	-0.0075991740770306	0.0036353209195443
2,7,11	-0.0107723758876721	0.0021770347640333	-0.0033113917950129	0.0008131202888107
2,7,12	-0.0074262692019279	0.0060584894081732	-0.0024275528341775	0.0037314770358854
2,7,13	0.0031531737849386	0.00448534150057	0.0009200870892281	0.0020419607703322
2,7,14	-0.0100105889526083	0.0032962760725363	-0.0039858770604236	0.0021723649909313
2,7,15	-0.0031270632850517	0.0069711362886751	-6.688349576263602e-05	0.0039820792033249
2,8,9	0.0010967099604982	0.0019239901775938	0.0015877725045775	0.0014007965967463
2,8,10	0.0052234869917424	0.0029411612476403	0.0032610371749947	0.001551998276114
2,8,11	0.0060044897694083	0.0068863295726183	0.0044383484701464	0.0040930926636274
2,8,12	0.0093134434095525	0.0026390585272012	0.0049712968219428	0.0009159259326243
2,8,13	0.0033321980760011	0.0073486185539869	-0.0018742482957095	0.0040112344282367
2,8,14	-0.0012319694665784	0.0053762553069528	-8.317093699944131e-05	0.0025924073016672
2,8,15	-0.0045132984283838	0.0065495374766363	-0.0031789723435656	0.0037663469710623
2,9,10	-0.0025545456878778	0.007657029525448	-0.0026380465880713	0.0032859348375286
2,9,11	0.0005396299748162	0.0049948470040708	-0.0007903260994321	0.002686825375279
2,9,12	0.0075867875229225	0.0020910529345555	0.0030384124772036	0.0013573757871607
2,9,13	-0.0037982451797697	0.003819347912186	-0.0016387233568128	0.0018837680797947
2,9,14	0.0016125945986896	0.0056176787463262	-0.0017639163240541	0.0025489380237325
2,9,15	-0.0150159111018855	0.005592731752964	-0.0059670271797714	0.0017149746233766
2,10,11	-0.0092876862010584	0.0045900922283846	-0.003134112726167	0.001967525247108
2,10,12	-0.0118035069346686	0.003664810274004	-0.0050061184441141	0.0021228235259588
2,10,13	-0.0120560919948327	0.0033558910640164	-0.0070915732224564	0.0019601585557322
2,10,14	0.0059519392789617	0.0046722776570532	0.0028522429419071	0.003253981612529
2,10,15	0.0081100110583644	0.0035092121395481	0.0016266718453141	0.0016292312600431
2,11,12	-0.0261301174071094	0.0068698457677284	-0.0093335710730679	0.0032643180636514
2,11,13	-0.0168004622530431	0.0042194202478628	-0.0061249660408431	0.0034120375169109
2,11,14	-0.0367581857608291	0.0041310760975306	-0.0119715539204677	0.0021832116364307
2,11,15	0.0168778206168142	0.0039819327252096	0.0042933815273177	0.0022606666633158
2,12,13	-0.0025329102788202	0.0039346975258769	-0.001832589100991	0.0031137231657499
2,12,14	-0.0026459793588469	0.0041252086952538	0.0012893926481245	0.0018580485847474
2,12,15	0.0065829868022496	0.0007635639057884	-0.0006590911678869	0.000881473182457
2,13,14	-0.0079707912559695	0.0074274883774521	-0.0043168288997066	0.0038857103754963
2,13,15	0.0006687390851078	0.0039266324191825	0.0005012970926206	0.0026456845840899
2,14,15	0.0208239091850758	0.0065036704861009	0.0063821240824367	0.0029116821869029
3,4,5	-0.0008988416291209	0.000784259168429	0.1144528394731831	0.0050456971366677
3,4,6	-0.0086389256940033	0.0076196834082904	-0.005014928085146	0.0043616479893298
3,4,7	0.002018955017953	0.0039374432453546	0.0023116285293234	0.001901175455277
3,4,8	-0.0161822796450514	0.003671239160105	-0.007318078881807	0.0011828620773349
3,4,9	0.0073028558183113	0.006669951989726	0.0059468062625	0.0031927683024792
3,4,10	-0.0010969275777101	0.0049035935008341	-0.0005677176965839	0.001982703139911
3,4,11	0.0288255897658981	0.0046649321658725	0.0085513418675387	0.0019824035318752
3,4,12	0.0323233826315463	0.0053065206719767	0.0126645874790814	0.003048727669151
3,4,13	-0.0065212969858733	0.0060562520578537	-0.0068711485528114	0.0027871464763925
3,4,14	0.0051027200803057	0.0041229752875511	-0.0011849346010591	0.0027290793967192
3,4,15	-0.0088750357956775	0.0031638692946451	0.0003768908349669	0.0022854158712248
3,5,6	-5.59479894003332e-05	0.0002277577620167	-0.0027939496009533	0.003631136563237
3,5,7	-0.0001151736955347	0.0002420827920908	-0.0059396338197425	0.0030733942813621
3,5,8	9.501062210890191e-06	0.0001592411861672	0.0051925903606001	0.0013334977509843
3,5,9	-0.0007326708589264	0.0002748671652459	0.0032247399157033	0.0042452178813719
3,5,10	0.0004225006825119	0.0003639005228116	0.003949672413575	0.0029816011055865
3,5,11	0.0007599889205161	0.0006601169316997	-0.0106549708824295	0.0063453092827259
3,5,12	0.0002997260320835	0.0001652512906349	-0.0010520699410777	0.002043443506446
3,5,13	0.0002398182939134	0.000396366017141	-0.0136607587023523	0.0018645237904753
3,5,14	0.0013985337059804	0.0009880550136863	0.0043099233521419	0.0016691835278215
3,5,15	0.0009956330842791	0.0005180238590455	0.0093130008739267	0.0033033942414434
3,6,7	-0.001926005433626	0.0054739094175458	-0.0008974464591253	0.0026713384979403
3,6,8	0.0147206989055834	0.0073802815512596	0.0075544393050524	0.0039328923509215
3,6,9	-0.0009943556825625	0.0048994306420933	-0.0009496478164323	0.0024784883119593
3,6,10	-0.0044679160234766	0.0053129071574946	-0.0036744736932973	0.0030939899825332
3,6,11	0.0036854873548224	0.0059647675735867	0.0045062017946619	0.0032820250858759
3,6,12	-0.0020346193806055	0.0068884348580938	0.0015411931885279	0.0033909663265516
3,6,13	-0.007864259227406	0.0067895210345428	-0.004339402477912	0.0035683748343454
3,6,14	0.0039168263910703	0.0042932638351982	0.0025215837544763	0.0016637118846054
3,6,15	0.0009409386278868	0.0081137826324311	4.530100293478997e-06	0.0036847569295394
3,7,8	-0.0153077834532977	0.0051387460396674	-0.0080129873260493	0.0026160400602748
3,7,9	0.0041194740925163	0.0092429678421145	0.0026419071921302	0.0040124488125748
3,7,10	-0.0005276784242795	0.0073522880955293	0.0017508751439247	0.003622608189741
3,7,11	0.021755591965226	0.0049077970959067	0.0077650564763618	0.0030462231520781
3,7,12	-0.0018349035188221	0.0077915562740771	-0.0013422347917489	0.0032339050112836
3,7,13	-0.0083178475966254	0.002599640316052	-0.0060431171261608	0.0016923815127324
3,7,14	0.0059976443191631	0.003810074277301	0.0036085517495249	0.0027995556921106
3,7,15	-0.0041769450648976	0.0033041957526689	-0.0025632417190361	0.0020517640024526
3,8,9	-0.0054712439437551	0.0033540147809613	-0.0007599474901772	0.0013207641350422
3,8,10	-0.00421772822025	0.0048141812863522	-0.0014124780833417	0.003292506002508
3,8,11	0.0061802663220604	0.007346552712865	0.0022895072928061	0.0038893659099183
3,8,12	0.0210510852153261	0.0036917000878962	0.0119784828898893	0.0018855673229739
3,8,13	0.0145312041256882	0.0061636043577209	0.0077942290624721	0.0023201609066904
3,8,14	-0.0162481316571984	0.0037321071096267	-0.0074193558356693	0.0025610280159108
3,8,15	0.0141012574829509	0.0026691905592901	0.0071721711575906	0.00103700547133
3,9,10	-0.0030454653463433	0.0057610612901406	0.0001958470883783	0.0030219378617617
3,9,11	-0.0239834596890393	0.0008467101332166	-0.0108908331811346	0.0009184107466393
3,9,12	0.0068720353668495	0.004982938535633	0.0039030528501342	0.002441350306018
3,9,13	-0.0153930679448544	0.0077591159847174	-0.0053156154968772	0.0032744018679007
3,9,14	-0.0010391489355647	0.0050155504477984	0.0009756100530189	0.0026647181182521
3,9,15	0.0172314197838103	0.0044211431970126	0.0054698307790181	0.0019997231204217
3,10,11	0.0282173075250784	0.0038828585034708	0.0113954302904216	0.0013378324229946
3,10,12	-0.0034150362683888	0.0079243490463117	-0.0046545399178651	0.003492284771914
3,10,13	0.0008546102526066	0.0031629112628933	0.0030254659652283	0.0020800617473931
3,10,14	-0.0054467651323034	0.0049628690065189	-0.0034806046806692	0.002392252038426
3,10,15	-0.0051102458453478	0.0024546430792786	-0.0016237933709958	0.0015367152328218
3,11,12	0.0400891298113656	0.0070779809194526	0.0140771796029995	0.0040312464146954
3,11,13	0.0665704512906616	0.0053612611320957	0.0303593644084326	0.0027632807039656
3,11,14	0.0329989336621641	0.0073660649531838	0.0081908176544673	0.0035861272870225
3,11,15	-0.0111115124743671	0.0031128630878672	0.0012334772308449	0.0022459805024231
3,12,13	0.0136968495071903	0.0040176190566687	0.0070693888929727	0.0014991111276776
3,12,14	0.0171226065017964	0.0105133157108494	0.0039370508917129	0.0051874682001544
3,12,15	-0.0149992957591655	0.0052342347345673	-0.0030934974739823	0.0017050773412574
3,13,14	0.0239907457921276	0.0026862300152446	0.0114693178582083	0.0009408926269668
3,13,15	-0.0388593805869261	0.0065773724722642	-0.0173147641780006	0.0040414527811331
3,14,15	-0.0265734704275826	0.0057661121298422	-0.0079016310121201	0.0018742661396608
4,5,6	-0.0155845274203132	0.0124187210525236	-0.0099646403003509	0.0030407140017311
4,5,7	0.0001015095920789	0.0005910746768482	0.0118310169642663	0.0027591884405117
4,5,8	-0.0016217043877882	0.0007726085497286	0.0035387011128139	0.0012723585818701
4,5,9	-0.0449956360922165	0.0230667940070057	0.0004007049566098	0.0048229964487697
4,5,10	0.0010827318440024	0.0008488482341613	0.0200559525198878	0.0036132482172348
4,5,11	0.0133591224098693	0.0093944157000347	0.0077949275289749	0.0021220249959124
4,5,12	0.0119325224248085	0.011719708049782	0.0588565046671277	0.0022629613846423
4,5,13	0.0004832801954153	0.0036110788551882	0.0064297270324011	0.0031204054066262
4,5,14	0.0006007561144125	0.0006568255786053	0.0121256254475506	0.0030652173972476
4,5,15	0.0016783902437763	0.0012006399360377	0.0010722323766367	0.0042044226014266
4,6,7	0.0047545034821012	0.0056180235919936	0.0023766155502381	0.0034784823686164
4,6,8	-0.0105440768496091	0.0047698502177388	-0.0045575620688581	0.0020326575257487
4,6,9	-0.0009868840390831	0.0036735454215796	0.0009852288215588	0.0017363533196174
4,6,10	0.01400939600204	0.0056161643603906	0.0071595664881904	0.0029618544646843
4,6,11	-0.0070467516158865	0.0040284620246479	-0.0021883658940445	0.0023880843480473
4,6,12	-0.0064473365792377	0.0031017951559891	-0.0029317021840475	0.0010887354990845
4,6,13	-0.0017027011155831	0.0058406563903672	-0.0012455974480183	0.0030289658499317
4,6,14	-0.0059258272115462	0.0016742834924143	-0.0035663013715277	0.0013508290878236
4,6,15	0.0032626659766054	0.0112012737840492	-0.0002373097092556	0.0063504980012637
4,7,8	0.0197133538840878	0.0041933102641206	0.0100214013124928	0.0015057982703724
4,7,9	0.0052629085065512	0.006719108933614	0.003505355788419	0.0032108130437799
4,7,10	-0.05243040355276	0.0024450729400638	-0.0269754599227411	0.0017832395729043
4,7,11	-0.0043420310264054	0.0047681190623916	-0.0025431759186668	0.0017203505640982
4,7,12	0.0082665539437008	0.00598801293534	0.0027527512880631	0.0032217511450553
4,7,13	0.0687910701874102	0.0049159086001509	0.0364935425527064	0.0023294758535116
4,7,14	0.0265206632234558	0.00555117301196	0.0139829058478167	0.003278834711259
4,7,15	-0.0265894208454873	0.005541992091495	-0.0151811321777045	0.0018944055897229
4,8,9	0.005827543448806	0.0023313487807212	0.0022234357547661	0.0014583712608598
4,8,10	0.0118583623313733	0.0051230761423602	0.0046585670120501	0.0023878370374966
4,8,11	-0.0229578664536198	0.0033094452519218	-0.0117572877990169	0.0013537681819862
4,8,12	0.0108537619841674	0.0066001585251757	0.0043897396526967	0.0027535006626435
4,8,13	0.011254857701544	0.0031048205113479	0.0051142713792713	0.0020375661984714
4,8,14	0.0007596620373244	0.0036969539663705	-5.279583623457249e-07	0.0022019242055505
4,8,15	-0.0056643065207766	0.0054025874191965	-0.0012370535758347	0.0032991532664061
4,9,10	-0.0080952695465318	0.0010986925744321	-0.0052372548736231	0.0012412956297626
4,9,11	0.0500414920842281	0.0040007526610697	0.0215296505485674	0.0020040701828951
4,9,12	-0.0074208833708502	0.0050194837766232	-0.0057939268271233	0.0027239507270537
4,9,13	0.0042491831273403	0.0095488567193323	0.002325804100577	0.004923969965534
4,9,14	-0.0235377164691573	0.0033052704189282	-0.0140604945776363	0.0018582317019219
4,9,15	-0.0119164447218238	0.0028082550270328	-0.0028391053732931	0.0015522328275477
4,10,11	-0.0672480707616839	0.0013887458862237	-0.0319070919616059	0.0014569630331449
4,10,12	0.035317155382485	0.0065455906788897	0.0222406311948998	0.0030397332369135
4,10,13	0.0301732603311505	0.0028645541141604	0.0117755880771463	0.0018702713022454
4,10,14	0.1038250326872181	0.0030782266771624	0.0510416899265399	0.002157393715355
4,10,15	-0.010420134044003	0.0092732275122418	-0.007449577183588	0.0044748666224039
4,11,12	-0.1202003221954796	0.0050293524992542	-0.0538737376297337	0.0028861123612778
4,11,13	-0.1991872638218918	0.0039162513952417	-0.0950454998002899	0.0023061780060412
4,11,14	-0.1638844164188015	0.0076701322306759	-0.0715115255664691	0.0041824774898589
4,11,15	0.0715611318762046	0.005213288681769	0.0273117056901901	0.0033002986853679
4,12,13	0.0451310106962408	0.0068556076803305	0.023244669928023	0.0034843857766488
4,12,14	0.0051638979868869	0.0097081619714929	0.0090561030024059	0.0045167045288978
4,12,15	-0.0610603103502737	0.0080870934466063	-0.034760034557255	0.0045009758606362
4,13,14	0.0994970377121953	0.0060892325213038	0.0522664989558191	0.0027896388447131
4,13,15	-0.0045772954454026	0.0045635675106816	-0.0071428561191931	0.0025599770144501
4,14,15	0.031749626647536	0.0029282682496842	0.0065915969981674	0.0018767838431565
5,6,7	0.0001603755921125	0.0001754237464007	-0.0178430394598355	0.0035125604322562
5,6,8	1.4318193360883334e-05	0.0001151846649285	-0.0016522578628519	0.0016624692180874
5,6,9	0.0003428395191995	0.0002369255373226	-0.0028708033090802	0.0024696021595089
5,6,10	0.0007338920450779	0.000607468558269	-0.0101779584349083	0.0037306162650108
5,6,11	0.0060887191715566	0.0054276152046296	0.001446115308871	0.0019885791075622
5,6,12	0.0008622979159532	0.0004143651527803	0.0056796469967556	0.0019515758953038
5,6,13	0.0021605438361584	0.0007052926371622	0.0115960158105678	0.0036402477247168
5,6,14	-0.0003637179859069	0.0005404941440405	-0.0019743300381864	0.0029212896038692
5,6,15	0.0008345253400948	0.0008151295410122	0.0050212308212898	0.0027700113791699
5,7,8	0.0002260461296515	0.0002951968112021	-0.0165038960471849	0.0013060558520382
5,7,9	-3.286497585305312e-05	4.8580279958817887e-05	-0.0128944825854514	0.0031418996650973
5,7,10	-0.0083099358798669	0.0046379875303061	-0.1963865805114463	0.0025622323933324
5,7,11	0.0008517388057259	0.0002312074649079	-0.0615729449812749	0.0025438134707562
5,7,12	0.0002380336528814	0.000330170359649	-0.0664033735229572	0.0029888355843766
5,7,13	0.001145029056477	0.0009891221197263	0.1293252112896329	0.0013705326657403
5,7,14	0.0005236660504014	0.0001311389390803	0.043836173143453	0.0036563660493837
5,7,15	0.0009601816241103	0.000863566293771	0.0336518693508098	0.0056563262136278
5,8,9	-0.0007976970053739	0.0006656125942033	-0.0042218924215739	0.001992113622803
5,8,10	0.0006260491351777	0.0002758841558299	0.0476490623397899	0.0024212096042575
5,8,11	0.0002384841237041	0.000387651813829	-0.0241465438465126	0.0024317607569067
5,8,12	-0.0022553504957252	0.0020487475036822	0.0221727742285461	0.0017389356451307
5,8,13	0.001756199632633	0.0016802286163424	0.0070544676026968	0.0018739574373051
5,8,14	-0.0004616061337155	0.0002335549201215	-0.0192183654062033	0.0010340667053338
5,8,15	0.0003229459804517	0.0003451831891697	0.0176352594481852	0.0029487273788592
5,9,10	0.0010307391513904	0.0005489014108923	-0.0174687041257618	0.0020028375864923
5,9,11	0.0038689862908422	0.0024007702750755	-0.0238305464699519	0.0026888679668334
5,9,12	0.0001307533013657	0.0003811388958365	0.0042834895603212	0.003423101804957
5,9,13	0.0001506309619912	0.0003007504129779	0.0015826785198297	0.0036460141424433
5,9,14	7.97404486019933e-05	0.0003204591368273	-0.0074309081515415	0.0030678327110178
5,9,15	-0.0006030181933778	0.000653452197437	0.0013881349486664	0.0026032352978776
5,10,11	0.0019018248337371	0.0015326391381164	0.0309601903201202	0.0028175421826471
5,10,12	0.0004816166820024	0.0003836998308782	0.0643883449546596	0.0045295672761291
5,10,13	0.0025853808717802	0.0032010698552814	-0.1396857535353047	0.0029211588976176
5,10,14	0.0009499745326529	0.0004217892609036	-0.0108843637862577	0.0036917641949662
5,10,15	2.469946224734736e-05	0.003887675894547	-0.0008199775411328	0.0032584783916667
5,11,12	0.0013836057656467	0.0017914066494864	0.2053167476163808	0.0037962363344967
5,11,13	0.0007470408897886	0.0009740276875319	-0.0761125037420609	0.0026308053813294
5,11,14	0.0017973311166825	0.0009345474526606	0.001239507146852	0.0033300380504814
5,11,15	0.0015055197586909	0.0005616047109529	-0.0587290148024065	0.0027387089656068
5,12,13	0.009688237084349	0.0032582991262404	-0.1213830562364365	0.0052353546532433
5,12,14	0.0028181331446064	0.0028136709617366	0.0820879349856571	0.0024985244041666
5,12,15	0.0032383221071606	0.003217493712351	0.1340236952691516	0.0027635675272768
5,13,14	0.0018391244442791	0.0013588957570235	-0.0040806493397787	0.0040640379009004
5,13,15	0.0021809559547345	0.0015773097129944	-0.029821831221657	0.0029506991772021
5,14,15	-0.0067011725132154	0.0041940556987264	-0.3739140175109955	0.003448197182355
6,7,8	0.0157589158568825	0.0061257963931374	0.0082169777328724	0.0020488282231434
6,7,9	-0.0043104040742394	0.003431376627229	-0.0015577442929907	0.0018083024528741
6,7,10	0.0014934910229267	0.0064796904915058	-0.0004918639038248	0.0029668498210821
6,7,11	0.0033678040223356	0.0021053952341619	0.0013909805058496	0.0006242075385493
6,7,12	-4.678413546815689e-05	0.0081758752716503	-0.0019863132795157	0.0039145162767249
6,7,13	-0.023755515124158	0.0063187558109588	-0.0106541119429416	0.0034072943675125
6,7,14	-0.0023113471832911	0.0060258378903232	-0.0015230573283828	0.0026296337294125
6,7,15	0.0055974940034572	0.0037325405572413	0.003715751597265	0.0022267733241407
6,8,9	0.0218152272071497	0.0031411703978825	0.009283504873189	0.0011691070139038
6,8,10	0.0075521804009507	0.0040841767584244	0.0009213643157589	0.0025337067969198
6,8,11	0.0008774007981499	0.0021440238614598	0.0014422074391803	0.0014499439174518
6,8,12	-0.0100206475187616	0.004705504547835	-0.0056778174132392	0.0019346616446112
6,8,13	-0.0168685181797339	0.002313719872546	-0.0071770505965828	0.0011179960883546
6,8,14	-0.0070322641831531	0.0053714651853502	-0.0044974986840469	0.0020668477826935
6,8,15	-0.0016807721426592	0.0021293194658073	-0.0018480170000206	0.0018643390409802
6,9,10	-0.0138024719353272	0.0026339362751316	-0.004991908171701	0.0006782705141212
6,9,11	0.0131772077091156	0.0080119869140693	0.007801540907193	0.0033536125182327
6,9,12	0.0078679481243414	0.0080348804245606	0.0051635364166141	0.0034371223477865
6,9,13	0.0016972823009191	0.0041623121054701	0.0004481037478065	0.0016034756678185
6,9,14	-0.0064870347294561	0.0038544918758663	-0.0027417830019048	0.0018099718402019
6,9,15	0.0218884372918669	0.0032005684247982	0.0092840597042556	0.0016735526434099
6,10,11	-0.0065226174662863	0.0032533624483158	-0.0035732512977521	0.0012599052431862
6,10,12	0.0122056822240105	0.0032893701444457	0.0046642272821953	0.0018821058811972
6,10,13	-0.0073888154215699	0.0029307830820218	-0.0037374976010949	0.0014193441632057
6,10,14	-0.0057779579321627	0.0086256468612317	-0.0031689273839086	0.0040558770226429
6,10,15	0.0086123260731876	0.0021178604067163	0.0055492930415084	0.0017706509038554
6,11,12	0.0010822542135832	0.0023008736046644	-0.0009029603840872	0.0016330020624943
6,11,13	-0.0048832421243525	0.0082637013695092	-0.0031989166293029	0.0040935494381767
6,11,14	-0.0284361717451659	0.0037622103938706	-0.0153346930983607	0.0018950278692824
6,11,15	0.0110663723711811	0.007145793033761	0.0032259966618888	0.0037537188731945
6,12,13	-0.0284060565067955	0.0048636205265387	-0.0133323137383711	0.0030212677535987
6,12,14	1.720593165543266e-05	0.0044298434347768	-0.0017110078763	0.0015733043603569
6,12,15	-0.0056463635593558	0.0050587650658016	-0.0026037089607271	0.0025243072373561
6,13,14	-0.0281279997832765	0.0050746948336427	-0.0149040494764238	0.0028469518962233
6,13,15	0.0075501754171141	0.0073827849996386	0.0051969210732785	0.0031764026185485
6,14,15	-0.0267681856587657	0.0060171376086684	-0.0136914624030732	0.0026863532376816
7,8,9	0.0050632296657309	0.004738472099312	0.0033906854852887	0.0015411642781894
7,8,10	0.0102834598594623	0.0031052431748449	0.0059832692481796	0.001765513815166
7,8,11	-0.0145337492699136	0.00601904811866	-0.0072181920069146	0.0026131363379458
7,8,12	0.0030690756079698	0.0066441675977974	0.0025173347312588	0.00366347655549
7,8,13	-0.0070840345828402	0.0061188751899831	-0.0029417914566557	0.0030000105965718
7,8,14	0.0053371557519434	0.0034548374872446	0.0030194286287415	0.0025370045262358
7,8,15	0.006606109219187	0.0050724577372477	0.0015021684001598	0.0025100408695579
7,9,10	-0.0042202708977801	0.006115613599357	0.0001899580158779	0.0028013885282585
7,9,11	0.0073259513197212	0.0073144613691213	0.0048479493517283	0.0035057443741712
7,9,12	0.0188480352931901	0.0036565822331067	0.0080058960456762	0.0012401654132366
7,9,13	0.0141145635345359	0.009335777502945	0.0060669196360834	0.0053471252950296
7,9,14	-0.0130047224697356	0.0037397230571165	-0.0060235774404727	0.0020633766337936
7,9,15	0.0133501605566148	0.0064283341972573	0.0079252009998659	0.0034331566172876
7,10,11	-0.0382821167492439	0.0035395513025993	-0.0206065313205331	0.0016685478237222
7,10,12	-0.0658330556429019	0.0033560928118118	-0.0325261267819865	0.0018739018228064
7,10,13	0.2135436553988091	0.0058542660790183	0.1033229490404774	0.0031043877364582
7,10,14	0.0374606308850134	0.0061182141528345	0.0172086390698969	0.003012400664182
7,10,15	0.0324228477304533	0.0043383266725895	0.0175976664622156	0.0020029774689113
7,11,12	0.0312883326690943	0.004094690708996	0.0152492996442363	0.0026091908104908
7,11,13	-0.0647340976437063	0.004880225215627	-0.0305952678981805	0.0024066476390394
7,11,14	-0.0938864652509373	0.0046308901871797	-0.0445685039702919	0.0024317250691576
7,11,15	0.0450930886276777	0.0026670948766	0.0193761327997926	0.0014260592872374
7,12,13	0.1213697675648063	0.0019784850673618	0.0580978472159515	0.0019115727305314
7,12,14	-0.079821070700313	0.0071460624404357	-0.0387702712292832	0.0031021542299
7,12,15	0.0136230492285363	0.009410665084069	0.005628116653723	0.0047318583715688
7,13,14	-0.0415904844001331	0.0062458317715524	-0.0186726233533547	0.0037264353748553
7,13,15	-0.0305427855179109	0.0043767149218369	-0.0166494739545947	0.0021279760872163
7,14,15	-0.0347508718698662	0.0027251074668077	-0.0210715148029911	0.0017873765764749
8,9,10	0.0080848751070661	0.0052632966061807	0.003553496975336	0.0024191439072823
8,9,11	0.0235885537743103	0.0099377511467166	0.0097492801792001	0.004809627306013
8,9,12	0.0155089215655184	0.0089540125589163	0.0077646712206579	0.0053443785667393
8,9,13	-0.0177764309401131	0.0085329153836492	-0.0081245146287131	0.0043389444598147
8,9,14	-0.0168787127154681	0.0062530213766986	-0.0099807166372649	0.0027859325815843
8,9,15	0.0042109641945797	0.0057425452060388	0.0028933088002041	0.0022185758668408
8,10,11	0.0501891835109355	0.0026095251772865	0.0252217846586675	0.001303139128874
8,10,12	-0.0398253207669623	0.0037912980908709	-0.0198776277574822	0.0016580112524183
8,10,13	-0.0129014859045283	0.0056468419946887	-0.0077759626053554	0.0030918024898717
8,10,14	0.0353956227102339	0.0032992445054412	0.0175138353321102	0.001903888274143
8,10,15	-0.0002419756688105	0.0068755441378701	-0.0004296057386903	0.0026332892770006
8,11,12	0.0518243693292159	0.0050756783169149	0.0249418282837584	0.0026157376418144
8,11,13	0.0015551308649701	0.0034790283182308	-0.0002870870202379	0.0014820341999709
8,11,14	-0.0029961832725685	0.0036680017198699	-0.0002079627531834	0.0018379099023443
8,11,15	0.0095625201757781	0.0042598900204109	0.0054476287747627	0.0028283731225859
8,12,13	-0.0135865288896872	0.0082941499913518	-0.0080280388788244	0.0042013488782469
8,12,14	0.0070586716791596	0.0010464199332182	0.0036206600879781	0.0008602916175778
8,12,15	0.0034619453345554	0.0059124567209758	0.0018427588950318	0.0038122968053822
8,13,14	0.0294780833606273	0.0065821359092726	0.0136914066765548	0.0030465843387396
8,13,15	-0.0075802510111748	0.003690711386326	-0.0035249815983418	0.0032413957473338
8,14,15	-0.0105598147500109	0.0048021776214072	-0.0064065850669169	0.0026440190819948
9,10,11	-0.0037817631242863	0.0054252956086505	-0.0042748320199464	0.0027511740915863
9,10,12	-0.0062106760497482	0.0063880879051552	-0.0048679481813933	0.0027013170408408
9,10,13	-0.0383717574703584	0.0048139136271703	-0.0158708115373299	0.0021110872726276
9,10,14	-0.0050331793940367	0.0048660002083916	-0.0046425621588123	0.0015991654791712
9,10,15	0.0109366659959605	0.0067635651702372	0.0066566808600768	0.0035504590909495
9,11,12	0.0098258349600377	0.0056227870882484	0.0017277097952361	0.0034643425136707
9,11,13	-0.049950907411027	0.0043861039595135	-0.0230810985732677	0.0019615528185306
9,11,14	-0.0464861409529226	0.003846496798365	-0.025161795951359	0.0020181884812082
9,11,15	-0.0166325790041521	0.0027473267759434	-0.0062165342082308	0.0015332970238664
9,12,13	0.0114556583125415	0.006546415135208	0.0087239376855803	0.0038293598230418
9,12,14	-0.0005316564130889	0.0039718318773898	-0.003380861940942	0.0020693745137714
9,12,15	0.0019870933398856	0.0029381661530809	0.0025919026633435	0.0007821341201079
9,13,14	-0.0042579714024838	0.0027229706196015	-0.001987924793363	0.0010656194685665
9,13,15	-0.0114704623477315	0.0050042190181705	-0.0052487065221819	0.0030858537046991
9,14,15	-0.0031309627993821	0.0017026883567908	-0.0005919251248215	0.0012137787282258
10,11,12	0.0738751372142751	0.0076567225219375	0.0412264344188536	0.0034495351905523
10,11,13	0.0023839235086437	0.0050339800138104	-0.0038719210386934	0.0025937936780765
10,11,14	0.0307416415331544	0.0026792280357013	0.0145973413907585	0.0015102454290536
10,11,15	0.0279389295101204	0.0067054952368833	0.0136482680014156	0.0035438490594475
10,12,13	-0.1637879489766489	0.0044183906822106	-0.0808198397590142	0.0025996094640931
10,12,14	0.1570704083901203	0.0050507645853046	0.081271528812766	0.0023914244868689
10,12,15	-0.0515090024821076	0.0068080211248678	-0.0280668742437797	0.0033704519454154
10,13,14	0.0083908813892427	0.0048694561012072	0.0002101495552573	0.0026123634223083
10,13,15	0.0161398496014871	0.0058434296056734	0.0110312184829504	0.0028127722279123
10,14,15	0.0123202523382874	0.0036640618767526	0.0058831751970516	0.0021467970478113
11,12,13	0.1722178365119267	0.0082795719239929	0.0825485680984969	0.003674814966414
11,12,14	-0.1066830576383579	0.0041141734836224	-0.0474623792135596	0.0013281525334459
11,12,15	-0.0409800879171221	0.0081767473993284	-0.0255494132441421	0.0038369134419903
11,13,14	0.1068321602257586	0.006665020260992	0.0544694902021513	0.0032921626086039
11,13,15	0.1007413606180358	0.0093725792318517	0.0485428730176471	0.0046444606961053
11,14,15	0.0996709804468407	0.0055452771628984	0.0393974446172431	0.0030340213868271
12,13,14	0.0081707849098659	0.0058689711295007	0.0029626420498799	0.0025012270358737
12,13,15	0.0591734503662969	0.0036810439875276	0.0291095521628632	0.0023685383946398
12,14,15	-0.1010925476603959	0.0090289856851146	-0.0551806013238769	0.0047456534448884
13,14,15	-0.0465559864127929	0.0038320717948861	-0.0255576984533718	0.0024792304109642
