Params: 	16
Term	Coefficient	Standard Error	Coefficient_Lin	Standard Error_Lin
Intercept	9.390211462344846
1	-0.2949660531236291	0.0019233626832318123	-0.29496605312363117	0.0019233626832317204
2	-0.16043139065026452	0.0007977446375535384	-0.16043139065026527	0.0007977446375546424
3	-0.21707478737817731	0.0027624767005864515	-0.2170747873781759	0.0027624767005866705
4	-0.12644165257572362	0.0023926308121716196	-0.12644165257572215	0.002392630812172245
5	0.034005504962403246	0.0036864216425711404	0.034005504962403024	0.0036864216425709258
6	-0.012583306533513371	0.0029686351648934837	-0.01258330653351332	0.0029686351648935514
7	-0.012318093610103964	0.0018812695278329755	-0.012318093610104648	0.0018812695278329406
8	0.002197102928521731	0.0029941308666662407	0.002197102928522653	0.0029941308666670777
9	0.00862709649178493	0.002175155166610898	0.008627096491785027	0.0021751551666108157
10	0.04821113083524688	0.0012742485390813672	0.04821113083524685	0.00127424853908149
11	-0.021607898102543495	0.002464602233570883	-0.021607898102543304	0.0024646022335709063
12	-0.033321254834488064	0.0032978964928957995	-0.033321254834487904	0.0032978964928958173
13	-0.07572646808648535	0.004198651354282674	-0.07572646808648562	0.004198651354282889
14	0.012215094747699096	0.0019681490387869894	0.012215094747699235	0.0019681490387869083
15	-0.021189987012811967	0.0021100430850637827	-0.021189987012811603	0.002110043085063928
