Params: 	576
Term	Coefficient	Standard Error	Coefficient_Lin	Standard Error_Lin
Intercept	9.36239374923929
1	-0.15068681069439313	0.02620279227641804	-0.1506868106943971	0.02620279227641876
2	-0.1217766444585043	0.007672418634906333	-0.12177664445850542	0.007672418634905933
3	-0.11575066660041208	0.013532807445159153	-0.11575066660041164	0.013532807445158987
4	-0.27465686386057053	0.013179328639839071	-0.2746568638605697	0.013179328639839514
5	-0.042244462225475676	0.018814385178497848	-0.04224446222547503	0.018814385178497525
6	-0.12639268072750454	0.020961093858521077	-0.1263926807275068	0.020961093858522233
7	-0.02099350859610502	0.018352694860797446	-0.02099350859610639	0.018352694860797505
8	0.005058528594741646	0.009379241007932481	0.005058528594739602	0.009379241007933005
9	-0.005484619530992345	0.018729415544562575	-0.005484619530994132	0.01872941554456192
10	0.2603351521423908	0.02286167947562717	0.2603351521423845	0.022861679475626458
11	-0.10060667534989998	0.02132675512680659	-0.10060667534990173	0.02132675512680637
12	-0.11174115726248073	0.03680223139543155	-0.11174115726248209	0.03680223139543166
13	-0.17858368263135108	0.01586528218600407	-0.17858368263135116	0.01586528218600355
14	-0.010072757854230379	0.019983693270659953	-0.010072757854231104	0.019983693270659145
15	0.02111580285465112	0.012699049167284777	0.02111580285465155	0.012699049167284732
1,2	-0.05293679802708977	0.006504195567929412	-0.05293679802708897	0.006504195567928909
1,3	-0.37192995185338884	0.02140194997598321	-0.37192995185338923	0.021401949975983006
1,4	-0.18693625284884724	0.005215013464165634	-0.18693625284884702	0.005215013464165599
1,5	-0.011961066106358755	0.01478745472912347	-0.011961066106358833	0.014787454729123631
1,6	0.04047221333884109	0.031219922466979532	0.040472213338842135	0.03121992246697973
1,7	-0.04398890074924312	0.015611834959815848	-0.04398890074924192	0.01561183495981558
1,8	-0.015015257944051664	0.010649023172463691	-0.015015257944050642	0.010649023172463619
1,9	-0.006375935088859942	0.01372413693939813	-0.0063759350888590695	0.013724136939398248
1,10	0.020341252766563962	0.00755645477445521	0.020341252766564677	0.0075564547744557614
1,11	-0.00010933884708771713	0.021832322084641677	-0.00010933884708641157	0.02183232208464179
1,12	0.037606071899799545	0.01882635011641578	0.037606071899800246	0.018826350116415744
1,13	-0.058848576043865605	0.019154031961849262	-0.058848576043864995	0.01915403196184924
1,14	-0.008801334295952066	0.01790014852525908	-0.008801334295951344	0.01790014852525911
1,15	0.003548023285367167	0.025656206296262137	0.003548023285367825	0.025656206296261867
2,3	-0.1703493408159862	0.012196375915116525	-0.1703493408159878	0.012196375915116707
2,4	-0.2481461961169149	0.0076189192215780355	-0.248146196116915	0.007618919221577596
2,5	0.0780716136984025	0.01041517856834686	0.07807161369840124	0.010415178568346348
2,6	-0.008143442515610722	0.010508507036445878	-0.008143442515610489	0.01050850703644607
2,7	-0.047041919580767776	0.019282684019776435	-0.04704191958076742	0.019282684019776328
2,8	-0.006927340811475638	0.02123654656527728	-0.006927340811475205	0.021236546565277303
2,9	-0.05122799109314367	0.01053014466092244	-0.05122799109314365	0.010530144660922537
2,10	0.04284413011042468	0.014404688216930278	0.042844130110425226	0.014404688216930066
2,11	-0.00019736932176697212	0.012186641208689803	-0.00019736932176658197	0.012186641208689668
2,12	0.02415562990435368	0.02359266428729715	0.024155629904353094	0.023592664287297234
2,13	-0.032334677486549675	0.015571941660331207	-0.032334677486549585	0.015571941660331094
2,14	-0.025016446087077072	0.012902745197226458	-0.025016446087076816	0.01290274519722648
2,15	-0.025966833733942523	0.007510034988952802	-0.0259668337339418	0.007510034988952945
3,4	-0.0680718234351378	0.011974389626767638	-0.0680718234351381	0.011974389626767461
3,5	0.0684570704991804	0.008469223664449146	0.06845707049917997	0.008469223664449233
3,6	0.027774365062655813	0.023325952323107944	0.027774365062656292	0.02332595232310807
3,7	0.008314298369154852	0.01469868005091381	0.008314298369155513	0.014698680050913838
3,8	0.009061998096260241	0.015217958815778629	0.009061998096260052	0.015217958815778622
3,9	0.008260309811686834	0.008068700624404998	0.008260309811687289	0.008068700624404963
3,10	-0.016520970246366104	0.01821653635752438	-0.01652097024636607	0.01821653635752469
3,11	-0.028938461352565104	0.010866923978702198	-0.028938461352565052	0.01086692397870194
3,12	0.017514674669783986	0.010326525160380032	0.017514674669784288	0.010326525160379867
3,13	0.004634896303327918	0.01423915359903237	0.004634896303327925	0.014239153599032085
3,14	-0.03815568450006693	0.007155685743617711	-0.038155684500067524	0.0071556857436181585
3,15	0.03638160692559748	0.008028079201599099	0.03638160692559719	0.008028079201599031
4,5	0.15985767610873342	0.0057215410832445095	0.15985767610873286	0.005721541083244835
4,6	0.06570657113821679	0.02206840329270501	0.06570657113821679	0.022068403292704993
4,7	-0.057927018280285805	0.015273924737629231	-0.057927018280286055	0.01527392473762952
4,8	-0.030180253804451225	0.0169765626981854	-0.03018025380445142	0.016976562698185513
4,9	-0.04871525603998323	0.012151586973268591	-0.048715256039983626	0.012151586973268288
4,10	-0.060027695450746064	0.01373063490977092	-0.06002769545074656	0.013730634909771304
4,11	-0.010045118791511615	0.008165873376073619	-0.01004511879151219	0.008165873376073673
4,12	0.05235278334732622	0.01134653782367874	0.0523527833473257	0.011346537823678702
4,13	0.0654572268054273	0.006170710999108197	0.06545722680542679	0.006170710999108163
4,14	-0.05764361234160166	0.01734637827584771	-0.05764361234160237	0.017346378275847615
4,15	0.01982692125940034	0.011700504392933483	0.019826921259399714	0.011700504392933535
5,6	0.008311557256552412	0.01795062214490008	0.008311557256552821	0.01795062214489997
5,7	0.014372769037228523	0.022535028305501192	0.014372769037228833	0.02253502830550083
5,8	0.01665860928811896	0.01645423285152978	0.016658609288119342	0.01645423285152958
5,9	0.025552110824245845	0.007798984265361364	0.025552110824245855	0.007798984265361714
5,10	0.004966330573638947	0.010586085056446995	0.00496633057363876	0.01058608505644699
5,11	0.02890470564901241	0.01749150929063377	0.02890470564901282	0.01749150929063365
5,12	-0.013331966760309177	0.01727596173075254	-0.013331966760309172	0.017275961730752257
5,13	-0.008077277847710491	0.011399071047220448	-0.008077277847710118	0.011399071047220632
5,14	0.011744776005414717	0.005259769237740651	0.011744776005414074	0.005259769237740534
5,15	0.0011121851046344306	0.027467117682240964	0.0011121851046344776	0.027467117682241242
6,7	0.029842751854048465	0.02048858331888459	0.02984275185404886	0.020488583318884725
6,8	0.014634039797358559	0.016902433076292397	0.014634039797360188	0.016902433076293
6,9	0.0011077336440313786	0.014844615136461176	0.0011077336440321669	0.014844615136461722
6,10	-0.18212977967054633	0.011608055582261767	-0.18212977967054492	0.011608055582261885
6,11	0.10188811082353208	0.016191230382320027	0.10188811082353275	0.01619123038232014
6,12	0.07953451071959103	0.012186295697678876	0.07953451071959233	0.012186295697679162
6,13	0.11208931205069739	0.01904598476865546	0.11208931205069757	0.019045984768655922
6,14	0.01586983857905891	0.020551612667810158	0.015869838579060287	0.020551612667810016
6,15	-0.01566541263187707	0.018372196963699405	-0.015665412631876176	0.018372196963699572
7,8	-0.010998951902707237	0.0066002152711749215	-0.010998951902706337	0.006600215271174871
7,9	0.004728888734351363	0.017867417265929657	0.004728888734351437	0.01786741726592943
7,10	0.013775779873496508	0.021542883487015205	0.013775779873496496	0.021542883487015125
7,11	0.01410817081797558	0.014831401620444586	0.014108170817975541	0.014831401620444447
7,12	0.06183142810022415	0.011604739227695038	0.061831428100224496	0.011604739227695173
7,13	-0.07758014101211927	0.025437556866314263	-0.07758014101211874	0.02543755686631433
7,14	-0.03941949210229978	0.010991849531049104	-0.03941949210229945	0.010991849531049456
7,15	0.021523355516995406	0.009773392483889495	0.02152335551699509	0.009773392483889715
8,9	0.01693542455674716	0.019020217135128883	0.016935424556747975	0.0190202171351288
8,10	-0.03635325643223549	0.011909482908247648	-0.03635325643223457	0.01190948290824773
8,11	0.001212514512775903	0.014094351315677165	0.0012125145127774503	0.014094351315677014
8,12	0.007382735380585525	0.02279322723773302	0.007382735380585342	0.02279322723773337
8,13	0.015006739511539819	0.017122221833285836	0.015006739511540319	0.01712222183328567
8,14	-0.009336252117240039	0.01521053582222257	-0.009336252117239397	0.01521053582222277
8,15	0.009559412867618139	0.008041981228502438	0.009559412867618342	0.008041981228502512
9,10	0.02424643688955039	0.013141825301790559	0.024246436889550964	0.01314182530179092
9,11	0.014224516150767818	0.025232759880900065	0.014224516150768963	0.025232759880900103
9,12	0.03369280033071484	0.005670097750217222	0.033692800330715075	0.005670097750217551
9,13	0.030179293444906857	0.013162896719547226	0.030179293444906864	0.013162896719546903
9,14	0.026134790007082888	0.027087127630514133	0.026134790007082898	0.02708712763051409
9,15	-0.008834817761127814	0.012280049976490338	-0.008834817761127456	0.012280049976490352
10,11	-0.17594389583609027	0.0188335103832156	-0.1759438958360895	0.018833510383215735
10,12	-0.15942812458516983	0.01284123838615253	-0.15942812458516914	0.012841238386152164
10,13	-0.1812497357933042	0.02054346767351087	-0.18124973579330336	0.020543467673510833
10,14	-0.052113059354273204	0.017200371607406933	-0.05211305935427311	0.017200371607406853
10,15	-0.03841002610801177	0.012057447485916029	-0.03841002610801124	0.01205744748591602
11,12	0.06991477001622566	0.025856063733611528	0.06991477001622541	0.0258560637336113
11,13	0.09667346370574008	0.01115542431489979	0.09667346370574079	0.011155424314900377
11,14	0.0722295983280968	0.011390554861612216	0.0722295983280975	0.011390554861611992
11,15	-0.02153216733817219	0.011228117487349185	-0.021532167338171967	0.011228117487349172
12,13	0.14093250231556964	0.027412134001290316	0.14093250231557003	0.027412134001290597
12,14	0.0053071794176948175	0.014368883628159206	0.005307179417695669	0.014368883628158852
12,15	-0.01316150191515097	0.003981889959729354	-0.013161501915150689	0.003981889959728954
13,14	0.07467504910767286	0.019875551428742574	0.07467504910767304	0.019875551428742744
13,15	-0.025927943520172237	0.005762902941037488	-0.0259279435201721	0.005762902941037194
14,15	-0.01991334140722343	0.014591082314503366	-0.019913341407223183	0.014591082314503411
1,2,3	0.057002080055793304	0.0030794047868018476	0.0570020800557936	0.003079404786801869
1,2,4	0.14496706537579468	0.010560092615125503	0.1449670653757945	0.010560092615125614
1,2,5	0.005362624164804394	0.008703850142335018	0.005362624164804708	0.008703850142335096
1,2,6	-0.02268039330642339	0.010645834165945797	-0.02268039330642345	0.010645834165945712
1,2,7	0.006091700490017672	0.009583673588070043	0.006091700490017595	0.009583673588069844
1,2,8	-0.00213331277163361	0.005907786906315222	-0.0021333127716336065	0.005907786906315297
1,2,9	0.022490319949168513	0.00988487515960244	0.022490319949168745	0.009884875159602294
1,2,10	-0.01568826001610501	0.003782148069172088	-0.015688260016105057	0.0037821480691722716
1,2,11	0.00532988150226216	0.005051930605062151	0.005329881502262474	0.005051930605062216
1,2,12	-0.02151638043058628	0.0056465548370026215	-0.02151638043058594	0.005646554837002821
1,2,13	0.028134392118254976	0.005029755626475501	0.028134392118254935	0.005029755626475697
1,2,14	0.015358314483098424	0.01240171825669466	0.015358314483098082	0.012401718256694798
1,2,15	0.0061612712833007096	0.007034917809151815	0.00616127128330045	0.007034917809151809
1,3,4	0.07590751591401752	0.008984855661757033	0.0759075159140176	0.008984855661757047
1,3,5	0.004932888873829785	0.0068466751938485206	0.0049328888738296795	0.006846675193848442
1,3,6	0.0295880161165425	0.008953959156519914	0.029588016116542555	0.008953959156520065
1,3,7	0.05280615647687777	0.004111835911988068	0.0528061564768782	0.0041118359119882136
1,3,8	0.00780602406931098	0.008886878845715214	0.007806024069310894	0.008886878845715443
1,3,9	0.014709568468710358	0.00618606229278801	0.014709568468710379	0.006186062292788106
1,3,10	0.006234157740832193	0.017433815955258416	0.006234157740832066	0.017433815955258357
1,3,11	-0.00012880881494397833	0.013517227363886792	-0.0001288088149440876	0.013517227363886981
1,3,12	-0.012047785414471875	0.007085843266348573	-0.012047785414471934	0.00708584326634866
1,3,13	0.025416078920773067	0.009640851509398392	0.025416078920773206	0.00964085150939822
1,3,14	0.011939058767146134	0.004582901571643935	0.011939058767146241	0.004582901571644009
1,3,15	0.0010219757913842054	0.0119945515246092	0.0010219757913844745	0.01199455152460912
1,4,5	0.03354389360043521	0.009705519743124082	0.03354389360043529	0.009705519743124126
1,4,6	-0.00463527322298981	0.010827629143124039	-0.004635273222989755	0.010827629143124313
1,4,7	0.03203202277381257	0.007141283713991577	0.032032022773812376	0.00714128371399144
1,4,8	-0.008123435581022386	0.008502923243834766	-0.008123435581022919	0.008502923243834776
1,4,9	-0.00980671819305064	0.00975069605986746	-0.009806718193050897	0.00975069605986744
1,4,10	-0.013708905553721746	0.007726247031167058	-0.013708905553721482	0.0077262470311669825
1,4,11	0.005791529741083462	0.010140201317415278	0.005791529741083443	0.010140201317415434
1,4,12	0.00035879219461659105	0.011737151278149597	0.0003587921946162635	0.01173715127814978
1,4,13	0.0006875512232665359	0.007298365610544145	0.0006875512232667264	0.007298365610544041
1,4,14	0.014292249142052215	0.006502749382294091	0.014292249142052366	0.00650274938229408
1,4,15	0.011187103217194447	0.00834533675485365	0.011187103217193798	0.008345336754853593
1,5,6	0.011324890588762751	0.008540962672044938	0.01132489058876244	0.008540962672045007
1,5,7	0.01974232097329868	0.007015200760393424	0.019742320973298838	0.00701520076039318
1,5,8	0.007043089310281777	0.00442151944796903	0.007043089310281685	0.004421519447968886
1,5,9	0.002735781205664826	0.006518301496105659	0.0027357812056651755	0.006518301496105802
1,5,10	0.010541132924098117	0.005471869214355094	0.010541132924098189	0.005471869214355073
1,5,11	-0.009342477598233388	0.0075058375731643975	-0.00934247759823329	0.007505837573164463
1,5,12	9.032631274639001e-05	0.008612238327818699	9.0326312746466e-05	0.00861223832781887
1,5,13	0.0039684909600769735	0.005555503562716024	0.003968490960076969	0.005555503562716092
1,5,14	0.0067412242048551455	0.010499084602776815	0.0067412242048546815	0.01049908460277668
1,5,15	-0.01635556434585541	0.006031926656350806	-0.016355564345855216	0.0060319266563508825
1,6,7	0.000757479652039982	0.008419471579311976	0.0007574796520401437	0.008419471579312037
1,6,8	-0.007037931576689961	0.005971963596445525	-0.007037931576690265	0.005971963596445538
1,6,9	0.004143547292630096	0.009893739684227121	0.0041435472926298535	0.009893739684227243
1,6,10	-0.0009587386031653031	0.005503631550691112	-0.0009587386031651823	0.005503631550691171
1,6,11	0.008491426540672831	0.010244942394372921	0.008491426540672465	0.010244942394372982
1,6,12	-0.006708923726115564	0.013248898598293429	-0.006708923726116064	0.01324889859829334
1,6,13	0.0036346887762913546	0.013924457982283298	0.0036346887762911035	0.01392445798228324
1,6,14	-0.006400309421784869	0.01298177768534596	-0.0064003094217849246	0.012981777685346065
1,6,15	0.008666400948703412	0.013607594968961946	0.008666400948702926	0.013607594968961887
1,7,8	0.016890906701048404	0.006426246786775384	0.01689090670104786	0.006426246786775217
1,7,9	0.0010223182082911746	0.01064541922940994	0.0010223182082909094	0.010645419229409783
1,7,10	0.0008900681749136191	0.011029211094298523	0.0008900681749135768	0.011029211094298748
1,7,11	-0.0010215077142514185	0.008008490238060524	-0.001021507714251696	0.00800849023806055
1,7,12	0.023082721190890016	0.01097185875407834	0.023082721190889353	0.010971858754078273
1,7,13	-0.03573956692814587	0.0066105113991195225	-0.035739566928146047	0.0066105113991195
1,7,14	-0.013243720594178488	0.009170828988351521	-0.013243720594178133	0.009170828988351545
1,7,15	-0.0067705137698048454	0.00859391442175604	-0.0067705137698049565	0.00859391442175595
1,8,9	0.002451112653190797	0.009347462940244917	0.002451112653190137	0.009347462940245103
1,8,10	-0.011141854731701246	0.006431258042780793	-0.011141854731701425	0.00643125804278102
1,8,11	0.003759006047570275	0.01066943341904151	0.0037590060475699225	0.01066943341904146
1,8,12	0.0028977747473585107	0.008882023959476938	0.002897774747358366	0.008882023959476902
1,8,13	0.01175391196418156	0.006602022035966243	0.011753911964181353	0.006602022035966124
1,8,14	-0.00027861517718383923	0.007233449944186225	-0.00027861517718401167	0.007233449944186293
1,8,15	0.006709627601470647	0.009450422241861822	0.00670962760147055	0.009450422241861926
1,9,10	0.001467000466160808	0.004579821001228652	0.0014670004661610644	0.004579821001228798
1,9,11	0.0041137746782189235	0.010038227459765313	0.004113774678218713	0.01003822745976536
1,9,12	-0.004074220687989358	0.010082899572979129	-0.0040742206879894344	0.010082899572978992
1,9,13	-0.022143850772391678	0.004102454772486521	-0.022143850772391668	0.0041024547724863355
1,9,14	-0.003747232693743153	0.007435370817480737	-0.0037472326937431507	0.007435370817480594
1,9,15	0.0027365612060780632	0.009069595853164126	0.002736561206077953	0.009069595853164159
1,10,11	-0.027238480790620682	0.007529993899321171	-0.027238480790620932	0.007529993899321181
1,10,12	-0.022395269100164455	0.004605614759942088	-0.02239526910016438	0.004605614759942081
1,10,13	0.02791109570569633	0.008029362310321602	0.0279110957056962	0.008029362310321685
1,10,14	-0.001170607877584941	0.0046705342688245135	-0.0011706078775853015	0.004670534268824578
1,10,15	-0.0025948999600947332	0.0050420345013004655	-0.00259489996009486	0.005042034501300431
1,11,12	-0.012903348311989471	0.007557352653551837	-0.012903348311989657	0.007557352653551997
1,11,13	0.003133713641319341	0.01085839999888292	0.0031337136413191564	0.010858399998882934
1,11,14	0.005303456661653485	0.007245793993068621	0.005303456661653096	0.00724579399306841
1,11,15	-0.003384005009612615	0.008130973519238369	-0.0033840050096127063	0.00813097351923824
1,12,13	0.006756131541725702	0.007598140857941943	0.00675613154172521	0.007598140857941942
1,12,14	-0.012603872641256975	0.006126137100075838	-0.012603872641257091	0.0061261371000756685
1,12,15	-0.007860622885927584	0.007517577400728459	-0.00786062288592794	0.007517577400728544
1,13,14	-0.00580886853359569	0.01189287256524939	-0.005808868533595822	0.011892872565249657
1,13,15	0.003893021403283114	0.016070617270687544	0.003893021403283019	0.016070617270687378
1,14,15	-0.0055559108831519325	0.005648702384740326	-0.005555910883152005	0.005648702384740164
2,3,4	0.5681361731004454	0.007028107061541691	0.5681361731004454	0.007028107061541888
2,3,5	-0.08277599039893549	0.005359115066798087	-0.08277599039893516	0.005359115066797987
2,3,6	-0.015636167890624726	0.0156635043655322	-0.015636167890624615	0.015663504365532082
2,3,7	-0.0026166460740499275	0.00972751516665848	-0.002616646074049829	0.009727515166658556
2,3,8	-0.0001497986245001394	0.014921753267684235	-0.00014979862449984293	0.014921753267684147
2,3,9	0.006846767059927733	0.009465797383492191	0.006846767059928084	0.00946579738349218
2,3,10	-0.01285365958149553	0.006209772277666371	-0.012853659581495615	0.006209772277666333
2,3,11	0.011556837877560466	0.005870988956013586	0.011556837877560629	0.0058709889560136855
2,3,12	-0.013325775563457007	0.012449532136122146	-0.01332577556345669	0.01244953213612211
2,3,13	0.0007234983399784636	0.010585548202969764	0.0007234983399789369	0.01058554820296972
2,3,14	-0.009535819623078264	0.013790628518379075	-0.009535819623078248	0.013790628518379144
2,3,15	-0.003767711518672784	0.007330771116595133	-0.0037677115186726825	0.007330771116595189
2,4,5	-0.0153145069445712	0.008165036821220169	-0.015314506944570764	0.0081650368212201
2,4,6	-0.0020110760418736934	0.010794766398934511	-0.0020110760418736552	0.010794766398934414
2,4,7	0.041195570900988895	0.010446197793899813	0.041195570900989034	0.010446197793899846
2,4,8	0.0140952629422962	0.007603882044234539	0.014095262942296127	0.007603882044234573
2,4,9	0.011970458119924213	0.01553331968612407	0.01197045811992435	0.015533319686123898
2,4,10	0.015608522381569978	0.011840006582137215	0.015608522381570053	0.011840006582137193
2,4,11	-0.005825792288811174	0.006440285631274546	-0.005825792288811233	0.006440285631274443
2,4,12	-0.008591802009755678	0.007876562791236502	-0.008591802009755413	0.007876562791236498
2,4,13	0.014561290207144615	0.008152924470089872	0.014561290207144206	0.008152924470089955
2,4,14	0.00975577625615027	0.014908764847174027	0.009755776256150131	0.014908764847174228
2,4,15	-0.003966648068804123	0.007020678861492971	-0.003966648068804083	0.007020678861493152
2,5,6	-0.004990424313929899	0.008352862295555062	-0.004990424313929065	0.0083528622955551
2,5,7	0.01596091080822467	0.018984971380822092	0.015960910808225072	0.01898497138082197
2,5,8	-0.00010494441229928382	0.008875280817191031	-0.00010494441229906264	0.008875280817191156
2,5,9	-0.016900879534016193	0.005944802716343275	-0.016900879534016082	0.005944802716343207
2,5,10	-0.01779611975133797	0.010298349456818153	-0.01779611975133806	0.010298349456818187
2,5,11	-0.00710379319450301	0.010028799697813185	-0.007103793194502772	0.010028799697813237
2,5,12	0.002858630332436813	0.009643068775701253	0.002858630332437038	0.009643068775701223
2,5,13	-0.0039020527568377136	0.0052659838798793535	-0.0039020527568372613	0.005265983879879456
2,5,14	0.005325889176419272	0.009879897299285357	0.005325889176419362	0.00987989729928531
2,5,15	-0.01111896317493133	0.0049822122336754425	-0.011118963174930932	0.004982212233675635
2,6,7	0.007521834163994957	0.009573585929674925	0.007521834163994631	0.009573585929675037
2,6,8	-0.008474802831740288	0.0069934971576143	-0.008474802831740718	0.00699349715761429
2,6,9	0.021990914371361126	0.007074884995815649	0.02199091437136121	0.007074884995815608
2,6,10	-0.008855987018186772	0.007737422142242264	-0.00885598701818673	0.007737422142242299
2,6,11	-0.003221803673798486	0.00697314534399222	-0.0032218036737984264	0.0069731453439921655
2,6,12	0.002647483581111508	0.012266188370073596	0.002647483581111798	0.012266188370073842
2,6,13	0.004407972866926674	0.011968559309467105	0.004407972866926318	0.011968559309467221
2,6,14	0.014941390802903586	0.005774308682173765	0.014941390802903482	0.005774308682173693
2,6,15	0.0095761265165317	0.009648733902449635	0.009576126516531846	0.009648733902449802
2,7,8	-0.005837480718502113	0.007472590051852429	-0.005837480718502727	0.007472590051852432
2,7,9	0.015532669108149705	0.011040418624700694	0.015532669108149377	0.011040418624700829
2,7,10	-0.0173736421865193	0.009139313857265378	-0.01737364218651912	0.009139313857265366
2,7,11	-0.006897608547534892	0.0050228001593084996	-0.006897608547534982	0.0050228001593084215
2,7,12	0.0012407406329150833	0.005648789181387241	0.0012407406329154956	0.005648789181387268
2,7,13	0.014751801637389123	0.004750854733254562	0.014751801637388883	0.0047508547332546424
2,7,14	0.007700708272117484	0.014460217775137422	0.007700708272117355	0.014460217775137252
2,7,15	0.0009340973852564445	0.008644891250331355	0.0009340973852562863	0.008644891250331431
2,8,9	0.007386706037877245	0.0037729697855874832	0.007386706037877009	0.003772969785587606
2,8,10	0.007260921048021178	0.00539301599316995	0.007260921048021356	0.00539301599316999
2,8,11	-0.008920111387498385	0.00423877429417167	-0.00892011138749874	0.004238774294171614
2,8,12	-0.003287422590359297	0.008889793051450542	-0.0032874225903591694	0.008889793051450509
2,8,13	0.010969097003722431	0.007701551919565506	0.010969097003722056	0.007701551919565411
2,8,14	-0.008807998924094267	0.0070838123063929215	-0.008807998924094325	0.007083812306392785
2,8,15	0.010908213056542453	0.006903720677633794	0.010908213056542089	0.006903720677633785
2,9,10	0.002001426338094459	0.004716904277001304	0.002001426338094317	0.004716904277001199
2,9,11	0.004377519694873796	0.004059034279314155	0.004377519694873455	0.004059034279314197
2,9,12	0.0037246014898076564	0.006176203049768253	0.003724601489807669	0.006176203049768202
2,9,13	0.014674871244445924	0.00795285518007072	0.01467487124444585	0.007952855180070523
2,9,14	-0.00877659178753656	0.0062766959720137955	-0.008776591787536432	0.006276695972013771
2,9,15	0.01586896319799821	0.009052455490943077	0.01586896319799816	0.00905245549094322
2,10,11	-0.00722737766925622	0.013507844883406218	-0.007227377669255972	0.013507844883406148
2,10,12	-0.0032825182854019823	0.005984767293617927	-0.0032825182854018926	0.005984767293617892
2,10,13	-0.016577498478142393	0.006440335111767566	-0.016577498478142452	0.006440335111767746
2,10,14	-0.010975857817471608	0.0053285098933744494	-0.010975857817471676	0.0053285098933745015
2,10,15	-0.00472055787852208	0.005701453851182747	-0.00472055787852209	0.005701453851182798
2,11,12	-0.00643626458688	0.007556305543342357	-0.0064362645868799116	0.007556305543342181
2,11,13	0.008744840055585016	0.006155585151230073	0.008744840055584947	0.006155585151230172
2,11,14	0.003824730755212737	0.01637855371895138	0.0038247307552122444	0.016378553718951423
2,11,15	-0.0031683629616072392	0.006840224588981178	-0.003168362961607684	0.0068402245889810425
2,12,13	-0.013255868976179471	0.010760047892291184	-0.013255868976179256	0.010760047892291208
2,12,14	0.006961785013582434	0.008742958289060517	0.0069617850135822975	0.008742958289060822
2,12,15	0.004762518435676792	0.005405036425025681	0.004762518435676466	0.005405036425025934
2,13,14	0.0041016217758010984	0.013653719623841579	0.004101621775801129	0.0136537196238414
2,13,15	0.010112642257565137	0.005969520666997437	0.010112642257564995	0.005969520666997542
2,14,15	0.009980075123914458	0.002756412156451732	0.009980075123914339	0.002756412156451797
3,4,5	-0.029955795875431162	0.005494475594788769	-0.029955795875431096	0.005494475594788748
3,4,6	-0.01677474121866278	0.002450077648372304	-0.016774741218662802	0.0024500776483722775
3,4,7	-0.0009375281195004458	0.007059282808666313	-0.0009375281195004208	0.007059282808666219
3,4,8	0.011336890596770205	0.007052082614097294	0.01133689059677013	0.007052082614097117
3,4,9	-0.006347407549958035	0.009629475877107996	-0.006347407549958285	0.009629475877108025
3,4,10	0.004765118091489972	0.008896429924861587	0.004765118091490206	0.008896429924861664
3,4,11	0.01380546280359649	0.00754473175625628	0.013805462803596838	0.007544731756256214
3,4,12	0.00279950891497261	0.0059352472388183065	0.0027995089149724203	0.005935247238818331
3,4,13	0.0018123755961895285	0.0014900975969479378	0.0018123755961896187	0.0014900975969479487
3,4,14	0.03230954626448012	0.009243636485195343	0.032309546264480515	0.009243636485195368
3,4,15	-0.00440615609897111	0.007896991378691626	-0.004406156098971333	0.007896991378691733
3,5,6	-0.014086431894351058	0.008994685333252634	-0.014086431894351121	0.00899468533325279
3,5,7	-0.02293957222898572	0.005487657169973673	-0.022939572228985697	0.005487657169973784
3,5,8	-0.002438846597388937	0.010102378337145569	-0.0024388465973889627	0.010102378337145541
3,5,9	0.002271594466936113	0.010423357464604596	0.0022715944669365043	0.010423357464604483
3,5,10	0.0027740434547640185	0.00632082979927044	0.0027740434547643086	0.006320829799270346
3,5,11	0.009074747301192504	0.013600522846304537	0.009074747301192806	0.013600522846304475
3,5,12	0.004302362340710187	0.008368251741565594	0.004302362340710627	0.008368251741565625
3,5,13	-0.02140801175199886	0.011538766898177634	-0.02140801175199854	0.011538766898177764
3,5,14	0.00562272744974481	0.007562792099684092	0.005622727449744928	0.007562792099684092
3,5,15	-0.013695995116201362	0.00807025311575135	-0.013695995116201634	0.008070253115751404
3,6,7	0.008470047443933912	0.0044761902540297795	0.008470047443933908	0.004476190254029866
3,6,8	-0.012981287522614177	0.009805691869735155	-0.012981287522614553	0.009805691869735214
3,6,9	-0.017622542780618727	0.012151409325448852	-0.01762254278061865	0.012151409325448923
3,6,10	0.021873751396748554	0.005991644413265643	0.021873751396748766	0.005991644413265682
3,6,11	-0.014801923096373515	0.009555220617400748	-0.014801923096373414	0.009555220617400858
3,6,12	-0.00024217188138277862	0.008256619674301559	-0.00024217188138309643	0.008256619674301528
3,6,13	0.005993282872117781	0.006728375203838243	0.005993282872117804	0.006728375203838315
3,6,14	-0.0033457103200519034	0.012793110418032133	-0.0033457103200516904	0.012793110418032175
3,6,15	-0.0037605302889067785	0.00503161906809397	-0.00376053028890696	0.005031619068094134
3,7,8	0.008643579973657476	0.006828251573685529	0.00864357997365732	0.0068282515736855275
3,7,9	-0.003809872822599313	0.010523596374360112	-0.003809872822599194	0.010523596374359916
3,7,10	-0.003989082639363692	0.002498426341889773	-0.003989082639363282	0.00249842634188982
3,7,11	-0.00674065333104758	0.00469148992631171	-0.006740653331047378	0.004691489926311637
3,7,12	-0.004801743244701761	0.005222517763758462	-0.004801743244702046	0.0052225177637584405
3,7,13	-0.027941764390141826	0.002525069070790156	-0.027941764390141944	0.002525069070790144
3,7,14	0.009370437996793036	0.007471135415155207	0.009370437996793424	0.0074711354151552325
3,7,15	-0.007422458962110032	0.008924458007587326	-0.007422458962110132	0.008924458007587392
3,8,9	-0.005076374613630181	0.004987480981226158	-0.00507637461363055	0.004987480981226177
3,8,10	-0.005851659814650937	0.009614465620008089	-0.0058516598146507014	0.009614465620007923
3,8,11	0.01860189168008706	0.008313681330593205	0.018601891680086947	0.008313681330593257
3,8,12	-0.00010953801604021776	0.010241158816862042	-0.00010953801604022227	0.010241158816861948
3,8,13	-0.009978547939907548	0.010916402426614878	-0.00997854793990766	0.010916402426614909
3,8,14	0.005684269714087994	0.00861003271250789	0.005684269714088111	0.008610032712507699
3,8,15	-0.010917221342179612	0.011051130938484078	-0.010917221342179529	0.011051130938484014
3,9,10	-0.005012334798031362	0.008453414014192948	-0.005012334798031011	0.008453414014192891
3,9,11	-0.006808989090756784	0.011609940632792172	-0.006808989090756947	0.011609940632792241
3,9,12	-0.00973497857358328	0.0026811371643852854	-0.00973497857358335	0.002681137164385408
3,9,13	-0.0042182876878692	0.008754445755656893	-0.004218287687869073	0.00875444575565677
3,9,14	0.021102500268854713	0.00487901571430501	0.021102500268854806	0.0048790157143049784
3,9,15	-0.011728191745310135	0.011345943167057386	-0.011728191745310184	0.01134594316705762
3,10,11	0.010902688393222455	0.006399178409575579	0.010902688393222535	0.006399178409575777
3,10,12	-0.008625241043844357	0.00864477013398664	-0.008625241043844253	0.008644770133986606
3,10,13	0.0019053538540934902	0.010007100451595174	0.001905353854093453	0.010007100451595334
3,10,14	0.01600614119318763	0.00452477390157154	0.016006141193187773	0.004524773901571668
3,10,15	0.0010167145418746464	0.004007113275325878	0.0010167145418748878	0.004007113275325902
3,11,12	-0.002634419121595407	0.009813088757920455	-0.002634419121595277	0.009813088757920247
3,11,13	0.01596629211203294	0.004283422175417523	0.015966292112032873	0.0042834221754175375
3,11,14	0.008836267437692356	0.005830526430030307	0.008836267437692223	0.005830526430030175
3,11,15	-0.008390886226745923	0.006697582849786941	-0.008390886226745697	0.006697582849786859
3,12,13	0.00610943511422135	0.009172481946413735	0.006109435114221429	0.009172481946413685
3,12,14	-0.016356997164252318	0.010698929259170101	-0.01635699716425208	0.010698929259170117
3,12,15	0.005638014029933221	0.009691517017871947	0.0056380140299330805	0.009691517017872003
3,13,14	0.001557340291709545	0.0077702783308124055	0.0015573402917094803	0.007770278330812285
3,13,15	-0.016841963871759836	0.008741805505607513	-0.016841963871759826	0.008741805505607598
3,14,15	0.0016346660675464117	0.010955715664599136	0.001634666067546592	0.010955715664599316
4,5,6	-0.03234241026651977	0.012413898111420118	-0.03234241026651967	0.012413898111420156
4,5,7	-0.016171006680486464	0.0075999715503056045	-0.016171006680486245	0.007599971550305492
4,5,8	0.0032946098660440832	0.008632444901119743	0.0032946098660442563	0.008632444901119892
4,5,9	0.0116148044830534	0.00523557425784045	0.011614804483053258	0.005235574257840387
4,5,10	0.011241135910586406	0.01261148956922994	0.011241135910587077	0.012611489569229818
4,5,11	-0.013746352169288883	0.008786844094135802	-0.013746352169288822	0.008786844094135911
4,5,12	0.0003602365300148621	0.00640510589751995	0.0003602365300149858	0.006405105897519993
4,5,13	-0.013216483275693252	0.010182268534401299	-0.013216483275693223	0.010182268534401401
4,5,14	-0.00929439154494711	0.008458121085096745	-0.009294391544946923	0.008458121085096821
4,5,15	-0.013251509237787553	0.0029348844029854033	-0.013251509237787515	0.0029348844029852593
4,6,7	0.0008800542235496251	0.004134270289789894	0.0008800542235503581	0.004134270289789881
4,6,8	0.008436363125218737	0.01097162462251803	0.008436363125218872	0.010971624622517913
4,6,9	0.008652835891621882	0.007800283114392544	0.008652835891621628	0.007800283114392574
4,6,10	0.015146932497780263	0.007580002237010498	0.015146932497780357	0.007580002237010504
4,6,11	-0.02931572175096574	0.010692399872137826	-0.02931572175096573	0.010692399872137767
4,6,12	-0.013109974396270842	0.006870555490424884	-0.013109974396270676	0.0068705554904247
4,6,13	-0.010719925865440372	0.00867192028998604	-0.010719925865440346	0.008671920289986007
4,6,14	-0.018698378656795103	0.008162045672564327	-0.01869837865679503	0.008162045672564245
4,6,15	-0.012600238700297861	0.005336967771460243	-0.012600238700297684	0.005336967771460263
4,7,8	-0.022572347133133018	0.010584848350453003	-0.022572347133133042	0.010584848350452768
4,7,9	0.011319388086622568	0.008464970249840302	0.011319388086622474	0.008464970249840342
4,7,10	-0.01970964237391392	0.00977623427319099	-0.019709642373913854	0.00977623427319112
4,7,11	0.009220613857401727	0.003370985968226889	0.009220613857401748	0.00337098596822696
4,7,12	0.009655782868193168	0.01092791070780208	0.009655782868193383	0.010927910707802038
4,7,13	0.011332664273720454	0.011933719426888537	0.011332664273720459	0.011933719426888286
4,7,14	0.004909803905586937	0.009110599747077834	0.0049098039055871035	0.0091105997470778
4,7,15	0.0073525161755675	0.005750193867913009	0.007352516175567554	0.0057501938679131335
4,8,9	0.012016150811271487	0.007376647547343957	0.012016150811271336	0.007376647547344047
4,8,10	-0.015264773609680062	0.008857058988765886	-0.015264773609680243	0.008857058988765973
4,8,11	0.02303481943058636	0.007372899115519241	0.023034819430586773	0.007372899115518973
4,8,12	-0.0051321938564638505	0.009146916461080186	-0.005132193856463957	0.009146916461080293
4,8,13	0.006587114896745497	0.005698483935939647	0.0065871148967457886	0.0056984839359396945
4,8,14	-0.007387338993317926	0.011815781628161506	-0.007387338993318124	0.011815781628161524
4,8,15	0.007947784547495998	0.014585244825358426	0.007947784547496142	0.014585244825358504
4,9,10	-0.005811203072012244	0.00778521445628128	-0.005811203072012131	0.007785214456281422
4,9,11	0.018023779256111143	0.004190396296814582	0.018023779256111365	0.004190396296814589
4,9,12	0.01010135472885344	0.01159117410163958	0.010101354728853634	0.011591174101639543
4,9,13	-0.010353081563246182	0.006521462612505537	-0.010353081563245773	0.00652146261250547
4,9,14	-0.0018027599051583753	0.010562062352870532	-0.0018027599051582861	0.010562062352870587
4,9,15	0.015177241534775876	0.00498809342734286	0.015177241534775954	0.004988093427342904
4,10,11	0.015480190568138427	0.008260139038109553	0.01548019056813842	0.008260139038109559
4,10,12	0.0014415916454301992	0.010381843020901458	0.0014415916454303401	0.010381843020901504
4,10,13	-0.00702338709545802	0.00762787166974473	-0.007023387095457806	0.0076278716697446595
4,10,14	0.022007627939199966	0.005245603813414115	0.02200762793920014	0.005245603813413988
4,10,15	0.007668897388858649	0.013359491489634643	0.007668897388858648	0.013359491489634624
4,11,12	0.004975420123004818	0.015166899908877374	0.004975420123004835	0.015166899908877145
4,11,13	-0.039155535058138645	0.010108137781100673	-0.0391555350581385	0.010108137781100451
4,11,14	-0.011369271154433855	0.004457828979566416	-0.011369271154434025	0.004457828979566383
4,11,15	0.02065154981062322	0.004555283749130818	0.020651549810623334	0.004555283749130913
4,12,13	-0.060760241109169055	0.006898498237859389	-0.06076024110916907	0.00689849823785952
4,12,14	0.011609098664508325	0.007601967564795252	0.011609098664508183	0.007601967564795144
4,12,15	-0.017458719106185936	0.007614708451772138	-0.01745871910618573	0.007614708451772325
4,13,14	0.007406903554069604	0.010201018266556535	0.007406903554069583	0.010201018266556403
4,13,15	0.00246134699019692	0.007462071691555683	0.0024613469901971574	0.0074620716915556155
4,14,15	0.00337015720085986	0.0075539961044795816	0.0033701572008597767	0.007553996104479634
5,6,7	-0.007806848291387877	0.009936773810063932	-0.007806848291387833	0.009936773810063838
5,6,8	-0.02208942930935582	0.00977655584918815	-0.022089429309356173	0.009776555849188061
5,6,9	-0.0067240841147359785	0.007910469840288595	-0.006724084114735985	0.007910469840288526
5,6,10	0.017195682020783455	0.007784425425184318	0.01719568202078379	0.007784425425184527
5,6,11	0.01207827564120863	0.009922778668715212	0.012078275641208336	0.009922778668715207
5,6,12	0.01841402167917196	0.015847079730024766	0.018414021679172166	0.01584707973002475
5,6,13	-0.004112273264332502	0.014012231003799515	-0.004112273264332474	0.014012231003799624
5,6,14	0.009308097254954776	0.008514186249300549	0.009308097254954819	0.00851418624930069
5,6,15	0.00010786952879517607	0.011077437731675164	0.00010786952879509801	0.011077437731675263
5,7,8	-0.00023679235411049672	0.006894826542161102	-0.00023679235411079442	0.006894826542161026
5,7,9	-0.028661915653035358	0.005828152498009416	-0.028661915653035074	0.00582815249800934
5,7,10	0.011433780912415913	0.007318374817931645	0.011433780912415852	0.007318374817931525
5,7,11	-0.020447291314070977	0.01139276636843846	-0.020447291314071213	0.011392766368438325
5,7,12	-0.006634719328201486	0.011134352214461499	-0.006634719328201218	0.011134352214461355
5,7,13	0.008113077656972728	0.008737067779784287	0.008113077656972324	0.008737067779784188
5,7,14	-0.020140045635484966	0.006225258666888641	-0.020140045635484598	0.006225258666888612
5,7,15	-0.0009210896337031891	0.006864769718946487	-0.0009210896337030393	0.0068647697189464845
5,8,9	-0.012574872051735112	0.008337903017809014	-0.012574872051735311	0.008337903017809152
5,8,10	0.0060226740418137924	0.01239821741905196	0.006022674041814012	0.012398217419051763
5,8,11	0.0012934269132933661	0.013262827193238872	0.0012934269132934364	0.013262827193238992
5,8,12	-0.0005635112945875452	0.004763853905293153	-0.0005635112945875029	0.004763853905293055
5,8,13	-0.02205621500292283	0.008299480975175537	-0.022056215002923055	0.008299480975175444
5,8,14	0.001953426058065598	0.008690442331929555	0.0019534260580655613	0.008690442331929617
5,8,15	0.01631955776805403	0.005135708853097005	0.0163195577680535	0.005135708853097074
5,9,10	0.002444959015546654	0.009674746188095931	0.0024449590155466716	0.009674746188096018
5,9,11	-0.006324009895331943	0.0071149415342328486	-0.0063240098953320206	0.007114941534232839
5,9,12	-0.013831178714728526	0.007673050260875913	-0.0138311787147288	0.007673050260875884
5,9,13	0.0095531876646118	0.00729855115463776	0.009553187664611868	0.007298551154637618
5,9,14	0.01398795448821285	0.006738335140725336	0.013987954488213444	0.006738335140725193
5,9,15	0.005652896563749366	0.00848932359017407	0.0056528965637491334	0.008489323590174
5,10,11	0.015050428272545291	0.007979907440825131	0.015050428272545362	0.007979907440825306
5,10,12	-0.02027427573772965	0.005669182633600795	-0.02027427573772962	0.005669182633600847
5,10,13	-0.011016623631345085	0.006188321765539378	-0.011016623631344813	0.006188321765539409
5,10,14	-0.004127618489772763	0.006380917236833346	-0.004127618489772519	0.006380917236833387
5,10,15	0.0032862033824559893	0.004811747816649682	0.0032862033824560067	0.004811747816649585
5,11,12	-0.005219886312353275	0.00652629980494556	-0.005219886312353196	0.006526299804945368
5,11,13	0.025304214628433443	0.008999951498817143	0.02530421462843318	0.008999951498817145
5,11,14	0.008845137586144466	0.011037864278339015	0.00884513758614497	0.011037864278338924
5,11,15	-0.016664922295209893	0.014276464142757728	-0.01666492229521	0.014276464142757643
5,12,13	0.013640277324755317	0.00399249724271442	0.013640277324754974	0.003992497242714421
5,12,14	-0.01806784936015164	0.001853528340968004	-0.018067849360151773	0.0018535283409682585
5,12,15	0.023025841234192095	0.011216295127297084	0.023025841234191848	0.011216295127297276
5,13,14	-0.00811127452350807	0.011652792880819827	-0.008111274523507853	0.011652792880819796
5,13,15	0.00224736034544092	0.01528387832437817	0.0022473603454407575	0.015283878324378296
5,14,15	-0.0032187220332437665	0.006512874327624477	-0.003218722033243562	0.006512874327624631
6,7,8	-0.0048239779771733025	0.014048347992799259	-0.00482397797717366	0.014048347992799214
6,7,9	-0.00341367199010037	0.008956275176889423	-0.0034136719901006903	0.008956275176889414
6,7,10	-0.00023022171202548552	0.00713721982271869	-0.00023022171202572594	0.007137219822718815
6,7,11	-0.0042764170715096205	0.008269370406823054	-0.004276417071509597	0.008269370406822976
6,7,12	-0.028282228180968105	0.005641992226503329	-0.028282228180968216	0.00564199222650343
6,7,13	-0.016981363208844108	0.008011797980028995	-0.016981363208844035	0.008011797980029208
6,7,14	0.01686666191164658	0.013858064260133644	0.01686666191164652	0.013858064260133397
6,7,15	-0.011246316223932797	0.009607836267643577	-0.011246316223932584	0.009607836267643659
6,8,9	-0.00455167206138477	0.008802709826051639	-0.004551672061384992	0.008802709826051651
6,8,10	0.014836901036325234	0.009083086392798022	0.014836901036324743	0.009083086392798138
6,8,11	0.016258537829578056	0.00951607286512665	0.016258537829578007	0.009516072865126816
6,8,12	0.009680310937204038	0.008605984265258557	0.009680310937203979	0.00860598426525867
6,8,13	0.0013894991363329634	0.008918767891704484	0.0013894991363327855	0.00891876789170467
6,8,14	0.004162518829448628	0.006373337665098652	0.004162518829447996	0.006373337665098582
6,8,15	-0.007165960907682542	0.006323242882355696	-0.007165960907682636	0.00632324288235573
6,9,10	0.005498815741372909	0.011343808411809467	0.0054988157413731606	0.011343808411809606
6,9,11	0.01293126393199218	0.009719771803968063	0.012931263931991843	0.009719771803968186
6,9,12	-0.0012609164406176168	0.013314359979577063	-0.0012609164406176556	0.013314359979577075
6,9,13	-0.005577842606985116	0.010428921016846887	-0.005577842606984974	0.010428921016847061
6,9,14	-0.014469412066537141	0.013086098039166869	-0.014469412066537391	0.013086098039166988
6,9,15	0.0005309493046327989	0.008332768847496713	0.000530949304632862	0.008332768847496907
6,10,11	0.07048798840846629	0.007249976280208202	0.07048798840846619	0.0072499762802082516
6,10,12	0.07518317181126542	0.010149331515531046	0.07518317181126526	0.0101493315155311
6,10,13	0.07028673862089317	0.0068310522891201235	0.07028673862089302	0.006831052289120168
6,10,14	-0.007002537725212777	0.008288828672774402	-0.0070025377252125945	0.008288828672774293
6,10,15	0.015804237632654677	0.006725049630469826	0.015804237632654365	0.006725049630469753
6,11,12	-0.07922935829624082	0.004273469009334417	-0.079229358296241	0.004273469009334427
6,11,13	-0.08733113728955991	0.008612944968497236	-0.08733113728955987	0.008612944968497366
6,11,14	-0.01063410450019036	0.009258849676845647	-0.010634104500190342	0.009258849676845664
6,11,15	-0.007547822622871956	0.003277346032619379	-0.007547822622872092	0.0032773460326194596
6,12,13	-0.0810698449330434	0.008975086881643621	-0.08106984493304333	0.008975086881643456
6,12,14	-0.006584397371452416	0.010022030663430888	-0.006584397371452877	0.010022030663430862
6,12,15	0.024728893483756287	0.010744540152593537	0.024728893483756394	0.010744540152593615
6,13,14	-0.013264269486800036	0.010829998665583245	-0.013264269486800198	0.010829998665583242
6,13,15	-0.0047453725516546945	0.01167923736377465	-0.004745372551654796	0.011679237363774547
6,14,15	0.01501485490191315	0.008817222409112462	0.015014854901912728	0.008817222409112518
7,8,9	-0.001909603409727858	0.008443730075945595	-0.0019096034097278443	0.008443730075945616
7,8,10	0.013306464163843346	0.010401371961875244	0.013306464163843285	0.010401371961875166
7,8,11	-0.01955423361880144	0.010661196527698482	-0.019554233618801854	0.010661196527698308
7,8,12	-0.0015069850744665555	0.009967480360314737	-0.0015069850744666789	0.009967480360314791
7,8,13	0.015336901106327155	0.009356082770896654	0.015336901106327416	0.009356082770896777
7,8,14	0.019248701448803647	0.007489357437766985	0.01924870144880337	0.007489357437767159
7,8,15	-0.001842827570078215	0.009969743303131948	-0.0018428275700780872	0.009969743303132137
7,9,10	0.012585712196590482	0.006880867630460223	0.0125857121965906	0.006880867630460286
7,9,11	0.011128277672698108	0.01024450944738333	0.011128277672698233	0.010244509447383265
7,9,12	-0.02074846868378159	0.008267913560200861	-0.020748468683781624	0.00826791356020088
7,9,13	-0.0013677297752580642	0.007894543939611741	-0.001367729775258199	0.00789454393961176
7,9,14	-0.0011379870327500267	0.009966228999062986	-0.0011379870327500857	0.009966228999062986
7,9,15	0.0020665908928974865	0.009141536999371303	0.0020665908928976036	0.009141536999371262
7,10,11	-0.017523125531852295	0.005485304577301505	-0.01752312553185209	0.005485304577301458
7,10,12	-0.028199040422228372	0.006185987974156179	-0.02819904042222824	0.006185987974156271
7,10,13	0.08314097466254454	0.014538053578486821	0.08314097466254448	0.014538053578486818
7,10,14	0.03174709554664766	0.0079334500111819	0.03174709554664755	0.00793345001118189
7,10,15	0.01395656965380252	0.012903576852454515	0.013956569653802453	0.012903576852454362
7,11,12	0.007978047011775308	0.009142226143720802	0.00797804701177509	0.009142226143720681
7,11,13	0.011027220786006806	0.006135799207907805	0.011027220786006868	0.006135799207908015
7,11,14	-0.027593582631874135	0.00892059289713012	-0.027593582631874343	0.008920592897129945
7,11,15	0.021615744885482936	0.002838221354689408	0.02161574488548292	0.0028382213546895964
7,12,13	0.030744584514999167	0.009653234253890995	0.030744584514999403	0.009653234253891302
7,12,14	0.00314138067093463	0.005745731343795868	0.003141380670934365	0.0057457313437959375
7,12,15	-0.017049540343757583	0.006452597233807349	-0.017049540343757406	0.006452597233807319
7,13,14	-0.03849774848472798	0.00988324332203871	-0.038497748484728346	0.00988324332203884
7,13,15	-0.011811690839713642	0.006031678707807996	-0.01181169083971375	0.006031678707808
7,14,15	0.000494083415117582	0.007283223820709089	0.0004940834151174335	0.007283223820709306
8,9,10	-0.004314692269511396	0.010666637480062165	-0.004314692269511684	0.010666637480062168
8,9,11	-0.019763269277758976	0.008973634199453767	-0.019763269277759565	0.008973634199453623
8,9,12	-0.0018333410928637202	0.013807582687322009	-0.0018333410928636899	0.013807582687322167
8,9,13	-0.02361301444765142	0.012753523730183855	-0.023613014447651536	0.012753523730183725
8,9,14	-0.007444448837966531	0.009336849133071224	-0.007444448837966948	0.00933684913307121
8,9,15	0.008156284218275292	0.009381798900998715	0.008156284218274901	0.009381798900998517
8,10,11	0.006805333974188044	0.006785225393162722	0.006805333974187361	0.0067852253931627955
8,10,12	-0.003006327539538148	0.0071172877633122016	-0.0030063275395382197	0.007117287763312095
8,10,13	0.01389421754885485	0.013098581486107265	0.013894217548854356	0.013098581486107243
8,10,14	0.013202136074114523	0.008121213968486654	0.013202136074114574	0.008121213968486541
8,10,15	0.010326771057927763	0.004849417332256006	0.01032677105792763	0.0048494173322561
8,11,12	0.006460620103091071	0.008849866115465458	0.006460620103091214	0.008849866115465352
8,11,13	-0.0031899521075074723	0.005671116315229389	-0.0031899521075075482	0.005671116315229485
8,11,14	-0.01567277997777002	0.010030552388759825	-0.015672779977770408	0.010030552388759746
8,11,15	0.004835722500862637	0.003067653230372477	0.004835722500862823	0.003067653230372331
8,12,13	-0.010133998304719963	0.010034529255581818	-0.010133998304719736	0.010034529255581954
8,12,14	0.009339662956978963	0.010026609739634334	0.009339662956978703	0.010026609739634302
8,12,15	-0.024471086152182762	0.004380744715610138	-0.02447108615218274	0.00438074471561043
8,13,14	-0.007709809931877189	0.012841762943942544	-0.0077098099318774985	0.012841762943942597
8,13,15	-0.020644539360708872	0.00518167563873454	-0.020644539360708876	0.005181675638734493
8,14,15	-0.004632441116840044	0.0073723784764277035	-0.00463244111684004	0.007372378476427751
9,10,11	-0.00876301312837811	0.014429253953545869	-0.008763013128378613	0.014429253953545856
9,10,12	-0.01470827222087571	0.008423631128876397	-0.01470827222087609	0.008423631128876287
9,10,13	-0.0109815269570418	0.011136899193196496	-0.010981526957042121	0.011136899193196489
9,10,14	0.0017112496643657972	0.0029750547668655884	0.001711249664366099	0.0029750547668655433
9,10,15	0.005522263329915954	0.006895763684447381	0.005522263329916002	0.006895763684447614
9,11,12	-0.001830771046878079	0.006424920709062365	-0.0018307710468779444	0.006424920709062514
9,11,13	-0.002494026047899103	0.0032454255018481153	-0.002494026047899416	0.0032454255018479223
9,11,14	-0.014014639592341482	0.013268346400457882	-0.014014639592341643	0.01326834640045785
9,11,15	-0.013780837860075884	0.013813997066468867	-0.013780837860075796	0.013813997066468875
9,12,13	-0.007175269246778348	0.011215124204095792	-0.007175269246778186	0.011215124204095853
9,12,14	-0.0033185651230632995	0.005123288584282997	-0.0033185651230632314	0.005123288584283059
9,12,15	-0.0008800816232958121	0.0046447318117195015	-0.0008800816232959329	0.0046447318117196915
9,13,14	-0.009194019336371742	0.005690720689631499	-0.009194019336372056	0.005690720689631326
9,13,15	0.007854682668259855	0.011492696066591273	0.007854682668259911	0.011492696066591302
9,14,15	-0.012556383252348726	0.007537146753682516	-0.012556383252348943	0.007537146753682525
10,11,12	0.05957916680633364	0.008272761176923497	0.059579166806333864	0.008272761176923337
10,11,13	0.11903746669744764	0.010364502210360884	0.11903746669744741	0.010364502210360907
10,11,14	0.015205217224123263	0.008411591228294792	0.015205217224123069	0.00841159122829478
10,11,15	0.011291667536069973	0.011309716388234756	0.011291667536069732	0.011309716388234662
10,12,13	0.07718386848199789	0.006739862338373788	0.07718386848199785	0.00673986233837369
10,12,14	0.021468450516682343	0.0042600070086190565	0.021468450516682575	0.004260007008619056
10,12,15	-0.012633019897805098	0.006174282313097449	-0.012633019897805062	0.006174282313097174
10,13,14	0.039361806441289976	0.012102171380050857	0.039361806441290156	0.012102171380050791
10,13,15	0.024004987509218773	0.014045239944320421	0.02400498750921859	0.014045239944320578
10,14,15	-0.02908128155719773	0.008051938780722542	-0.0290812815571976	0.008051938780722369
11,12,13	-0.057939699639038465	0.006945465453138981	-0.05793969963903832	0.006945465453139062
11,12,14	-0.04944535352788158	0.009874375374750569	-0.04944535352788165	0.009874375374750721
11,12,15	0.0019352305901113808	0.0044182014606893435	0.001935230590111299	0.0044182014606891345
11,13,14	0.0156350775436206	0.007882384519385152	0.015635077543620417	0.00788238451938498
11,13,15	-0.0025481854338276475	0.011405369037366048	-0.0025481854338276723	0.01140536903736609
11,14,15	-0.008360169881165511	0.011984787729875273	-0.008360169881165683	0.01198478772987512
12,13,14	-0.0459602151276385	0.007879368070767917	-0.04596021512763858	0.00787936807076795
12,13,15	0.03516572114817547	0.0058761381352837915	0.035165721148175365	0.005876138135283959
12,14,15	0.023782605860711032	0.0037756900715081552	0.023782605860711018	0.0037756900715080646
13,14,15	0.00671744696252429	0.006763431444056959	0.006717446962524106	0.006763431444056998
