Params: 	121
Term	Coefficient	Standard Error	Coefficient_Lin	Standard Error_Lin
Intercept	9.48816661817477
1	-0.2277112823867316	0.007765465931241239	-0.22771128238673316	0.007765465931242014
2	-0.2681366069929755	0.004976173325509522	-0.26813660699297476	0.004976173325507772
3	-0.23502722040366603	0.007629980967435859	-0.2350272204036628	0.007629980967435057
4	-0.3363260379502796	0.006460880903467211	-0.33632603795027693	0.006460880903464971
5	0.05885069262973628	0.006255996872756684	0.058850692629737154	0.006255996872756296
6	-0.07026059100926273	0.006160994349976608	-0.07026059100926138	0.006160994349976633
7	-0.027758827274819674	0.006604133539204597	-0.027758827274818654	0.006604133539205129
8	0.016489591948278235	0.004135500505183625	0.0164895919482815	0.004135500505183743
9	0.017678440274914227	0.0029398991783665678	0.01767844027491482	0.0029398991783662516
10	0.10104450650839339	0.005104233177825785	0.10104450650839411	0.005104233177825851
11	-0.06030266059372872	0.007704543574008452	-0.060302660593727866	0.007704543574007611
12	-0.06827568593962553	0.0056614961504707914	-0.06827568593962412	0.005661496150471048
13	-0.16540550930438416	0.015005045454915107	-0.16540550930438305	0.015005045454914899
14	0.029983717417025418	0.00606018607688299	0.02998371741702615	0.006060186076883509
15	-0.022342770649689106	0.009153824049969473	-0.02234277064968855	0.009153824049969438
1,2	0.07578689084626969	0.004258434666062584	0.0757868908462693	0.004258434666062566
1,3	-0.14667844962425	0.004692097972035108	-0.14667844962425047	0.004692097972035101
1,4	-0.018985357882627812	0.004079387152530879	-0.01898535788262813	0.004079387152530706
1,5	0.001444137641655795	0.002941043213313254	0.001444137641655017	0.002941043213312921
1,6	0.010593847931547684	0.003483504205615167	0.010593847931548037	0.00348350420561487
1,7	-0.014111130015957462	0.003369565341155763	-0.014111130015958045	0.0033695653411557076
1,8	-0.0072766807521743495	0.0056710250591536235	-0.007276680752174339	0.005671025059154001
1,9	-0.0035326912362584383	0.004031635378441975	-0.003532691236259086	0.004031635378442055
1,10	0.009475468596143137	0.0017908268381799648	0.009475468596142896	0.0017908268381801758
1,11	-0.01118232539265861	0.005030444167000584	-0.011182325392659431	0.005030444167000755
1,12	-0.007301837597265784	0.004535821199985376	-0.007301837597266096	0.004535821199985461
1,13	-0.016206446501691472	0.003000444217221581	-0.01620644650169189	0.003000444217221405
1,14	-0.018675385852325498	0.006231387187867416	-0.01867538585232577	0.006231387187867423
1,15	0.013902320901181636	0.00562424586522689	0.013902320901180862	0.005624245865226991
2,3	-0.005598863062343225	0.004797422244654827	-0.005598863062343333	0.004797422244654853
2,4	0.1645203281197632	0.0033072735850998634	0.16452032811976286	0.0033072735850998495
2,5	-0.01948011659450508	0.007163444187720439	-0.019480116594505825	0.007163444187720371
2,6	-0.002835852713569304	0.005215815119712829	-0.002835852713569232	0.005215815119712529
2,7	0.005116005009472534	0.0042674545222605555	0.005116005009472227	0.004267454522260484
2,8	-0.0022696820755135324	0.004929747808720881	-0.0022696820755131715	0.004929747808721105
2,9	-0.006232155840067319	0.005267101595292302	-0.006232155840067819	0.005267101595292437
2,10	-0.003012205963931634	0.0011719337221552982	-0.0030122059639320397	0.0011719337221552514
2,11	-0.0014187565171657754	0.0038935651237802307	-0.0014187565171658516	0.003893565123780244
2,12	0.004648342409903313	0.0019110641981843082	0.004648342409903275	0.0019110641981841263
2,13	0.005636647207118337	0.006587433820386699	0.005636647207117851	0.006587433820386657
2,14	-0.0021736463537659076	0.001804710952769825	-0.0021736463537659735	0.0018047109527700234
2,15	0.002291861293246428	0.003929597163123387	0.0022918612932458357	0.003929597163123629
3,4	0.1757262327155056	0.0017185891278622741	0.1757262327155054	0.0017185891278621852
3,5	0.007461156029843405	0.006106039643444402	0.007461156029842829	0.006106039643444465
3,6	0.0006394326286165618	0.004134866286818097	0.0006394326286172575	0.004134866286818195
3,7	0.00532832240527022	0.0028895747926585714	0.0053283224052700345	0.002889574792658691
3,8	-0.005087009807405509	0.0037539506834483776	-0.005087009807405106	0.0037539506834477886
3,9	-0.003804082166592461	0.004207723863597237	-0.0038040821665928197	0.004207723863597167
3,10	0.0038064884963188174	0.0045398530298004485	0.0038064884963184705	0.004539853029800254
3,11	-0.00850095400369735	0.005080060967027955	-0.008500954003698026	0.0050800609670278345
3,12	0.0028232600740853786	0.0011414889123589208	0.0028232600740854324	0.0011414889123586272
3,13	0.013110937294722578	0.003237236694352133	0.013110937294722316	0.0032372366943521995
3,14	0.0026542879691045856	0.003060094311517853	0.002654287969104511	0.0030600943115175437
3,15	-0.0070232727018839595	0.004632082158216125	-0.007023272701884541	0.004632082158216203
4,5	0.004303766635524328	0.006275488804103139	0.004303766635523806	0.006275488804103246
4,6	0.02050396639523073	0.0018992337416104304	0.020503966395230954	0.0018992337416105832
4,7	0.04229008606784859	0.005658915842814799	0.042290086067848384	0.005658915842814837
4,8	-0.0012842960425130515	0.0043716798490651635	-0.0012842960425123837	0.004371679849065067
4,9	-0.006942571859402516	0.003960049078354772	-0.006942571859402868	0.003960049078355011
4,10	0.0058222836843490906	0.0040101064626871805	0.005822283684348838	0.004010106462687021
4,11	-0.0017184459629726646	0.0033905558711928344	-0.0017184459629730696	0.003390555871192836
4,12	0.0033641159324543186	0.003976727697975778	0.0033641159324542757	0.0039767276979759255
4,13	0.01539419443019786	0.004370010883180418	0.015394194430197506	0.0043700108831803254
4,14	0.02694179539673621	0.004687665926867903	0.026941795396736218	0.004687665926868085
4,15	-0.011985051041302514	0.0038990996280582105	-0.011985051041302859	0.003899099628058254
5,6	0.0006809730509230082	0.005050734802465304	0.0006809730509230382	0.005050734802465244
5,7	-0.014816229624359804	0.005702264343038982	-0.014816229624360144	0.005702264343038997
5,8	-0.006187729295275003	0.005135178001677638	-0.006187729295274953	0.005135178001677555
5,9	-0.003791997391571548	0.0037442564884117655	-0.003791997391572074	0.0037442564884119308
5,10	0.0018923895571167527	0.00387263828446401	0.0018923895571162045	0.0038726382844639458
5,11	0.0003028104557942977	0.0019953082211074755	0.0003028104557933686	0.001995308221107394
5,12	-0.008289005125658158	0.005651097222364505	-0.008289005125658347	0.005651097222364459
5,13	-0.016388284342848662	0.00462172675174706	-0.016388284342849148	0.004621726751747109
5,14	0.001945551049823096	0.004301511648265368	0.001945551049822652	0.004301511648265257
5,15	0.003541285405409852	0.0033391494750862234	0.0035412854054092833	0.0033391494750863006
6,7	-0.000272036491159899	0.004723362045440985	-0.0002720364911598501	0.00472336204544132
6,8	0.006242947908688248	0.00393527440745324	0.006242947908689051	0.003935274407453919
6,9	-0.0028429090143753484	0.005404309596035848	-0.002842909014375339	0.005404309596036197
6,10	-0.037850071014370004	0.0033028236082412194	-0.03785007101436964	0.0033028236082408985
6,11	0.040480121602110855	0.0036387583303645298	0.04048012160211102	0.003638758330364296
6,12	0.047953470942404056	0.003340004167733867	0.04795347094240461	0.0033400041677340824
6,13	0.02364737424804318	0.0037501451194960475	0.023647374248043328	0.0037501451194959247
6,14	1.507169135867223e-05	0.007092157397971313	1.5071691358849171e-05	0.007092157397971703
6,15	0.004502855368163264	0.0044849840259121535	0.00450285536816312	0.004484984025912254
7,8	0.0018943058186297779	0.00257835375631899	0.0018943058186299804	0.0025783537563187223
7,9	0.009994977328201515	0.006806283308395433	0.009994977328200974	0.006806283308395497
7,10	0.04706996937227578	0.0033943218979299657	0.04706996937227541	0.0033943218979298685
7,11	0.008354696764596763	0.004877439628816193	0.008354696764596142	0.004877439628816159
7,12	0.021790457714195802	0.003809573872905124	0.02179045771419586	0.0038095738729053636
7,13	-0.05392311801512848	0.003986639835179203	-0.053923118015129	0.0039866398351791265
7,14	-0.02489946789508101	0.0029338819252833926	-0.02489946789508138	0.002933881925283598
7,15	-0.0011358936569589716	0.0050849819587483	-0.0011358936569596753	0.005084981958748191
8,9	-0.007249109039196652	0.0011970252706381506	-0.007249109039196469	0.0011970252706381595
8,10	0.006768012519652211	0.003773462587627185	0.006768012519652302	0.0037734625876270455
8,11	0.0013371809809355443	0.0009933941246357038	0.0013371809809357188	0.0009933941246358436
8,12	-0.014501322302339406	0.0030046110535827224	-0.014501322302338651	0.003004611053582373
8,13	-0.003971259315619394	0.005224129862901752	-0.003971259315619096	0.005224129862901535
8,14	-0.003510958808831079	0.005208369739815724	-0.003510958808830425	0.005208369739815369
8,15	0.008075938756536647	0.005591930590265106	0.00807593875653682	0.005591930590265135
9,10	0.013278229491721116	0.004897472369794615	0.013278229491720268	0.004897472369794631
9,11	-0.006138516370408049	0.0012195455263051646	-0.006138516370408779	0.0012195455263052846
9,12	-0.0025960080776512907	0.002897133759359356	-0.002596008077651548	0.002897133759359385
9,13	0.0076702579635720015	0.0023574494266655156	0.0076702579635714915	0.0023574494266653655
9,14	-0.00892128992265113	0.005031950289844174	-0.00892128992265127	0.0050319502898440805
9,15	0.0030470901895193747	0.006137142666615276	0.0030470901895184913	0.006137142666614981
10,11	-0.06412789432108341	0.0016274630839216433	-0.06412789432108415	0.001627463083921774
10,12	-0.08502820387991021	0.0016802937358752646	-0.0850282038799103	0.0016802937358754164
10,13	-0.010616641355586908	0.007551590946379543	-0.010616641355587353	0.0075515909463794995
10,14	0.0029399133039918167	0.003624842952569837	0.002939913303991789	0.00362484295257004
10,15	0.006802520147597596	0.005559290130029998	0.0068025201475969636	0.005559290130029744
11,12	0.021497659368336204	0.002485742196211888	0.021497659368335774	0.002485742196211705
11,13	0.10045503841395328	0.0038934049965807798	0.1004550384139528	0.0038934049965807832
11,14	0.007228433918921716	0.0031627609055582986	0.007228433918921248	0.003162760905558204
11,15	-0.013368232993262993	0.0032269358619311035	-0.013368232993263812	0.0032269358619310684
12,13	0.09888568447101556	0.0035890932841111454	0.09888568447101533	0.0035890932841111498
12,14	-0.018590782682241774	0.004143349140615863	-0.01859078268224166	0.004143349140615529
12,15	0.0031928051578490524	0.0056547094415515305	0.003192805157848623	0.00565470944155144
13,14	0.01031300461543355	0.0052294433095988165	0.010313004615433307	0.005229443309598736
13,15	0.0030498390740246488	0.003766246664675327	0.0030498390740239753	0.0037662466646755507
14,15	-0.011679274612485748	0.004543771427176953	-0.011679274612486296	0.004543771427176909
