Params: 	576
Term	Coefficient	Standard Error
Intercept	9.916066596074216
1	0.04443285235095079	0.022964146266734316
2	-0.022119004550720224	0.021979717397554138
3	0.06121799632265465	0.02310310921047712
4	0.3850975907327812	0.022946673528843147
5	-4.66691325865021	0.12184461280732432
6	-0.00047603002060353316	0.022920865113105465
7	-0.08947589159869045	0.02263108358675386
8	0.016545321875207276	0.022749071297157624
9	0.05669794060512692	0.02184216059106656
10	-0.19811161926150586	0.022184804206281227
11	-1.0018079838905445	0.022428720903673156
12	0.0095938628282253	0.023099028358635785
13	-0.2112096012480965	0.02188807248412213
14	-0.36114422831950477	0.022619484211987957
15	-0.14987154271737585	0.022926264286913436
1,2	0.006159796671956905	0.018026432751193096
1,3	0.010398208404119256	0.01817283643574261
1,4	-0.15273004519007216	0.01797839922771458
1,5	1.1740520773800505	0.10052595286445536
1,6	-0.008632254424563335	0.018111877209073708
1,7	-0.032435050078446916	0.017971538124791932
1,8	3.9160159523966605e-05	0.0180802243530174
1,9	0.010350830821998074	0.01765836339312119
1,10	-0.05313182664758697	0.018064280071392744
1,11	-0.08001006312802388	0.0181177089600938
1,12	-0.04003032634882577	0.018136578243511416
1,13	-0.03556384181053901	0.01781095559764111
1,14	-0.023419883474301205	0.0181021076200005
1,15	0.02796054514954287	0.01815504144936388
2,3	-0.06131827919557966	0.017891575343233775
2,4	0.04499107480408133	0.017890757829368265
2,5	-0.5540523869417967	0.08842864138573943
2,6	0.03675644050226607	0.017983772200381512
2,7	0.044285598815331145	0.017903330941334932
2,8	0.006647682069080651	0.018060596664078235
2,9	-0.0042293181550956405	0.0177587323653206
2,10	0.03943237134991981	0.017998313683183918
2,11	0.06409367128951018	0.018207920578816462
2,12	0.013363987185584996	0.018169372014132826
2,13	0.02877798812010414	0.017944097636637145
2,14	-0.015510044484813688	0.01803600031384989
2,15	0.0014209116157054035	0.017717772031613763
3,4	-0.042689331419093327	0.01805559819908478
3,5	0.031606408322329936	0.08241419578475806
3,6	-0.013247203738548536	0.018183767046504755
3,7	-0.014007696562850223	0.01813628293287138
3,8	-0.010460450275924682	0.018301951537794754
3,9	0.001758290484095898	0.018048047805869424
3,10	-0.019688633135415315	0.01808131588053495
3,11	-0.042813003152081364	0.018129134006676637
3,12	-0.0520723237568539	0.01828281121577906
3,13	-0.0136694628602819	0.018066894822075515
3,14	-0.024789343712066324	0.01820652801646963
3,15	0.02699625553298779	0.018120915243272244
4,5	-2.7582454530734672	3581.0287841426316
4,6	0.041739260976893254	0.01801955167877475
4,7	-0.023661121552761715	0.018053539154162957
4,8	-0.022042711270958894	0.01822815332688561
4,9	-0.020128465472728542	0.01791529916932136
4,10	-0.0087736233596238	0.018066926417080482
4,11	0.205208654001589	0.01720621141904616
4,12	-0.012195161794540776	0.01808652504834396
4,13	-0.0032098264684189445	0.01804739916415461
4,14	-0.0807001727683013	0.017835913171395545
4,15	0.018712345298070546	0.01779873415751184
5,6	-0.76051394863188	0.09792111452345752
5,7	1.4251570782808427	0.10328041319463704
5,8	-0.3078137922032392	0.09675108880625337
5,9	1.2410849925171226	0.1177092722489743
5,10	-12.101657621073036	19196.895108988097
5,11	-3.694961015724987	5736.174021634936
5,12	-7.764997536641545	11298.775432926408
5,13	-3.665201774726535	7009.711560378287
5,14	-0.38929153032342617	1909.4901025610259
5,15	-1.9369390568637013	2392.90768425584
6,7	0.03688949135047997	0.018069921254950796
6,8	-0.010576932230437095	0.018298204107798765
6,9	-0.02853488725616217	0.01793694675201733
6,10	0.014498486151443411	0.018228941700387843
6,11	-0.016412497560155774	0.01804728927161015
6,12	-0.009845777921927807	0.018259668740492663
6,13	0.019970561583761863	0.017791753345025488
6,14	0.043719373730278094	0.01814916635963016
6,15	-0.024268404386928483	0.017968710638394333
7,8	0.0009063750921407329	0.01804186874501753
7,9	-0.022092802842197792	0.01777816831874887
7,10	0.13965564629795257	0.01796553045329445
7,11	0.13869183443330682	0.01804435547020901
7,12	0.0567287748568376	0.018036627303245536
7,13	-0.23535808753590645	0.017907734215731295
7,14	0.07446570663985048	0.01797717672533965
7,15	-0.03947597186539456	0.018136066314958305
8,9	-0.0043486381909502705	0.018020463584400213
8,10	-0.06827303004301075	0.01790719375595415
8,11	-0.026421964444116205	0.018114071630696053
8,12	-0.04760615295871316	0.01821175650342515
8,13	-0.011595000801797274	0.018037934654206556
8,14	-0.029362082539378706	0.017807499406889995
8,15	-0.007602526513559578	0.01822463934796876
9,10	0.03637644937890947	0.017984003045928072
9,11	0.061694045256820186	0.01803066309508143
9,12	-0.01916327805298244	0.01806825659471718
9,13	0.01852205296325096	0.017927609139939096
9,14	0.0551772590587032	0.01810745212505936
9,15	-0.012313429546212002	0.01796248232981138
10,11	-0.1110764270298287	0.017866617389419342
10,12	-0.06596530335976682	0.018068613023095054
10,13	0.10786051826932051	0.017532527226574113
10,14	-0.17610944175562215	0.017777992059385447
10,15	0.004798359316505351	0.018140569521710028
11,12	-0.26860684672974183	0.017847809397796115
11,13	-0.022481550620369935	0.017796929359523928
11,14	0.06159137369403719	0.017967163786457574
11,15	-0.016859095569759237	0.017979770379860094
12,13	-0.0059295515822271085	0.017736081213949366
12,14	-0.05688097998869187	0.01808042378220317
12,15	0.010696135793361601	0.017988385429779152
13,14	-0.05894241221677217	0.017976318862186324
13,15	0.031143118398605073	0.018126908476283274
14,15	0.47155556087330947	0.01801487659932913
1,2,3	-0.01157186545050193	0.010162039324090643
1,2,4	0.05769595893247218	0.010167670233657111
1,2,5	-0.20259309548122933	0.053434775479464715
1,2,6	0.0015118172730493504	0.01016474649970647
1,2,7	0.015419315622755033	0.010125433940590452
1,2,8	0.0015804048734519454	0.010217523532113772
1,2,9	0.006869915978224704	0.010093492095995187
1,2,10	-0.001188747672982648	0.01020850619329639
1,2,11	-0.0391369073589362	0.010139173837079506
1,2,12	-0.003136139131830753	0.010252292314672375
1,2,13	0.006430463311977944	0.010242456629627259
1,2,14	0.02273470740863107	0.010197859957473797
1,2,15	-0.01590950535443704	0.010219598751025533
1,3,4	0.008285673406998175	0.010231303273827992
1,3,5	-0.5039575139884804	0.05647688288518932
1,3,6	-0.02345589956265041	0.010191182709841965
1,3,7	-0.0058820164094658175	0.01015776048629197
1,3,8	-0.01117108056220085	0.010207146729551782
1,3,9	-0.02216600515533708	0.010006814705341885
1,3,10	0.004224682166671522	0.010223555109964614
1,3,11	0.04168007968944094	0.010191721265072262
1,3,12	0.01142419686089442	0.010192910018664614
1,3,13	0.006936781726890033	0.010202327050070016
1,3,14	-0.008443378734348856	0.010193084264885776
1,3,15	0.01963792783061471	0.010211813189018313
1,4,5	-1.6766150068414365	1272.846677040494
1,4,6	0.0029994092465385523	0.010190304742681058
1,4,7	0.007801313298681208	0.010182044470260379
1,4,8	0.00322003191521494	0.010254416088763657
1,4,9	0.011045721034401285	0.01010529390204306
1,4,10	-0.003605027813179642	0.010199932897529337
1,4,11	0.007499117705701592	0.01016184933134861
1,4,12	-0.0007222580771571011	0.010203312285005909
1,4,13	-0.0043954663514297635	0.010229257993158688
1,4,14	0.005148656367764458	0.01019913739796217
1,4,15	-0.020467928630700474	0.01015927430571103
1,5,6	-0.09311382825399876	0.05969699414930951
1,5,7	-0.6160052777733587	0.07109232600897347
1,5,8	0.5185186726258731	0.06590647987212517
1,5,9	-0.7313289552271149	0.08013982233062866
1,5,10	5.657212224269044	9226.368155640135
1,5,11	-0.20828476132975154	1030.8854594167306
1,5,12	0.9454916079562213	0.07238800795249885
1,5,13	-1.4963410289080992	3215.863645600701
1,5,14	-2.0049910908289683	1589.9559947548569
1,5,15	-0.9750469834571958	902.7208831942536
1,6,7	0.015529345785837513	0.010103018330421359
1,6,8	0.005268082938665745	0.010137329952226335
1,6,9	0.004253662500628062	0.009984544441662179
1,6,10	0.011530163597970237	0.010159465381837953
1,6,11	-0.010584625785139131	0.010204800313921392
1,6,12	0.00524261395306419	0.010190942080575645
1,6,13	0.012793372959044414	0.010146912106455946
1,6,14	0.016708111740085074	0.010205314128248872
1,6,15	-0.009374969978043237	0.010155506906235496
1,7,8	0.00966122474092664	0.010097936213714834
1,7,9	0.010330272616440457	0.009919323978349315
1,7,10	0.032077773759305456	0.01014686834393876
1,7,11	-0.011583116095515695	0.010191885580470334
1,7,12	0.0037164188381455603	0.010190290804204935
1,7,13	-0.003470380914727494	0.01015964896136695
1,7,14	0.0033111459043734443	0.010195780547476198
1,7,15	-0.0046013392055487224	0.01022434786528478
1,8,9	-0.006361477199962437	0.010067924422199163
1,8,10	-0.003958918194663254	0.010243667718200943
1,8,11	0.0048044093263302995	0.010202227074486165
1,8,12	0.008333645338304715	0.010220374478181015
1,8,13	-0.00532913458991911	0.010147067215821254
1,8,14	0.006426280051121645	0.010220713067652747
1,8,15	-0.008760338570560924	0.010227287532756963
1,9,10	0.008536027433488929	0.010160104580065655
1,9,11	-0.015569675429183341	0.010147057283329522
1,9,12	-0.014352821634649841	0.01009696646846251
1,9,13	-0.0013363360581198338	0.01018782076892137
1,9,14	0.021085513405096047	0.01014608017636818
1,9,15	-0.01824198772463047	0.010151769118359369
1,10,11	0.026514829368958524	0.010211227126498546
1,10,12	0.02459633047025589	0.01020208082384574
1,10,13	0.011116396707483408	0.010154202240020352
1,10,14	-0.013027620878873495	0.010199203612802686
1,10,15	-0.003973909370224615	0.010210896851535244
1,11,12	0.03271305328192344	0.010198073152450278
1,11,13	0.057079784676197544	0.010163093259956325
1,11,14	0.020135252177998948	0.010213823731186091
1,11,15	0.0057200614660864275	0.010261396054660176
1,12,13	-0.007283795985875876	0.010155387276787253
1,12,14	0.0014550057373935179	0.010168570893099563
1,12,15	0.021780665718864264	0.010181345828501527
1,13,14	0.007982939771415176	0.010167762770954982
1,13,15	-0.01532267412054917	0.010225761732216863
1,14,15	-0.027412474364230766	0.010194713436082659
2,3,4	-0.13988192092198726	0.010071771299433355
2,3,5	0.24379351843249475	0.051554796112691405
2,3,6	0.005479364127453378	0.010202249833275273
2,3,7	-0.00176992217013873	0.010131817553415037
2,3,8	0.004498647293017069	0.010238348112723582
2,3,9	0.01889044665387896	0.010102302476300309
2,3,10	0.00616740061716703	0.010181253171993416
2,3,11	-0.034030264483490516	0.010202466203191065
2,3,12	0.0014647509462590077	0.010234816850166825
2,3,13	-0.013928155964447622	0.010184149352549474
2,3,14	0.027657204840457243	0.010167968704045459
2,3,15	-0.030575687731912594	0.010176478577373305
2,4,5	0.4836494166768612	398.0250708544639
2,4,6	-0.015295744740626763	0.010230224058550457
2,4,7	-0.01135200009474855	0.010196262200495876
2,4,8	-0.014214366742063358	0.010233506971454564
2,4,9	-0.01914634742441595	0.010150414009552584
2,4,10	0.00770504793129485	0.010196077100287894
2,4,11	0.032423350851870786	0.010084808986867234
2,4,12	0.01771935810390116	0.010212184089144833
2,4,13	0.00272701225270391	0.01023072046694201
2,4,14	0.004044697483025514	0.010210410848218065
2,4,15	0.014154630361466048	0.01006930018862767
2,5,6	-0.2059402755433236	0.05474394099657966
2,5,7	0.2992648228883139	0.0534758412571457
2,5,8	0.20621041124120518	0.05492864832960017
2,5,9	0.5842436596103024	0.06816727524184396
2,5,10	-0.31218471436726014	0.09270329253499449
2,5,11	0.24636069621274972	243.43186031883488
2,5,12	-0.3847908773397569	0.05985876365521584
2,5,13	-0.7500154919420576	667.117093503912
2,5,14	0.35106869885479497	665.1007623914295
2,5,15	0.5158254416104795	110.13962754757489
2,6,7	-0.020084429165184377	0.01010953538978728
2,6,8	-0.0088059719969962	0.010218253413003957
2,6,9	-0.013178823467821937	0.010157993263039386
2,6,10	-0.013712932580933328	0.01024463728069582
2,6,11	0.0003486099459017867	0.010231834482920525
2,6,12	-0.00022390293169957193	0.010247610714760332
2,6,13	-0.013838406295119503	0.010210937476548913
2,6,14	-0.0088001715368358	0.010171754647871503
2,6,15	0.0069511549901166165	0.010176259890396347
2,7,8	-0.00819512732035131	0.010164114919340345
2,7,9	-0.012263957061390648	0.010119297999027669
2,7,10	-0.02985229641656154	0.010233473239613667
2,7,11	0.004705192564716384	0.010212832604490112
2,7,12	-0.02160766820960044	0.010220978750126293
2,7,13	-9.504953084772861e-05	0.010183014130285186
2,7,14	-0.029196977788213882	0.010191072641724528
2,7,15	0.016982078510371063	0.010190477426413103
2,8,9	0.003689288850507495	0.01012160028599077
2,8,10	0.001479945975510198	0.010216695561908627
2,8,11	-0.0006262413372993958	0.010230914831702728
2,8,12	0.012531992212970147	0.010207242099236383
2,8,13	-0.007743196127165171	0.010215567390784086
2,8,14	-0.013128014571094622	0.010205621962347797
2,8,15	0.013970575229530595	0.010224117608409414
2,9,10	-0.009256659061439673	0.010229764757803161
2,9,11	0.00574544157251864	0.010173161809884892
2,9,12	0.02313653819221279	0.010237861304106878
2,9,13	-0.004574037178062695	0.01018069347617279
2,9,14	-0.01551803778427626	0.010227038128349287
2,9,15	0.013681515658271824	0.010160033401089794
2,10,11	-0.005445110753379843	0.010197431747560725
2,10,12	-0.01512075264385312	0.010247371294602656
2,10,13	-0.017483822850104188	0.01016855718368528
2,10,14	-0.0035706039027957677	0.01021284120906345
2,10,15	0.003426686421548056	0.010229296361631394
2,11,12	-0.030818828658062982	0.010225434659659749
2,11,13	-0.011385411480465677	0.010239725680792797
2,11,14	0.0009343251470464788	0.01023736443405406
2,11,15	-0.009023648405814894	0.010194115519968617
2,12,13	-0.003119805928897261	0.010189410306770551
2,12,14	0.006608822651241741	0.010218987865825492
2,12,15	-0.021542411312129108	0.01021575675508431
2,13,14	-0.010584186105318073	0.010178809418343966
2,13,15	0.008310650813284227	0.010202338949271956
2,14,15	0.024125277878335568	0.01024364046281485
3,4,5	0.41466873697650125	818.6551247322159
3,4,6	-0.001489278746428954	0.010229137072644504
3,4,7	0.010757557054343864	0.010182849717728922
3,4,8	0.002332411774769457	0.010234297626044943
3,4,9	0.011935126269541787	0.010192189695915692
3,4,10	-0.006427005245594908	0.010226336551505144
3,4,11	-0.017414028156563014	0.010147221532949637
3,4,12	0.012769356690580212	0.01020893366494244
3,4,13	-0.009740840924492756	0.010184710199669324
3,4,14	0.018494925802255056	0.010204531844175163
3,4,15	-0.016973280925521243	0.01007756731074198
3,5,6	-0.42743550804442626	0.054625505509962896
3,5,7	-0.055518489799580906	0.051730450818406125
3,5,8	0.361060699536436	0.05249138535320993
3,5,9	-0.21927808094148327	0.07198250816186953
3,5,10	0.32102399121272146	0.08963320231698478
3,5,11	0.09635811749048347	321.5520704781456
3,5,12	0.6540684993856808	0.0661480355396237
3,5,13	0.29600093915746806	2613.06112221132
3,5,14	-0.5473208475912259	3435.852440292885
3,5,15	-0.045703509878062126	318.99277526703827
3,6,7	0.014387232789335866	0.010228972631542991
3,6,8	0.015513123428519586	0.010231752723280788
3,6,9	0.005490537135983822	0.010202172828533161
3,6,10	0.001678536510124292	0.010246744954101128
3,6,11	-0.003217300026442325	0.010204079671655273
3,6,12	0.003567130094491183	0.010188371802935718
3,6,13	0.011837076589649668	0.010232555669685376
3,6,14	0.005912728000062168	0.010238670806531644
3,6,15	-0.0021347511155120646	0.010181113971599622
3,7,8	-0.0024673798752945946	0.010182689144011306
3,7,9	0.019890525649650697	0.010156268696807972
3,7,10	0.010263936444729439	0.010240078301974093
3,7,11	-0.011850215326948648	0.01022853232399103
3,7,12	0.006894629724298002	0.010205194666930912
3,7,13	-0.005356175314316886	0.01016889970959191
3,7,14	0.01830063678454652	0.010147929536680278
3,7,15	-0.010560013484657415	0.01019411190466972
3,8,9	-0.00022587085792316294	0.01018965561749459
3,8,10	-0.014348428256605598	0.010176974367222948
3,8,11	0.0071783223088406935	0.010217863193378664
3,8,12	0.015239453021549146	0.010258923315309245
3,8,13	0.015062836263042044	0.01019499931221766
3,8,14	-0.0026213779465110686	0.010163167349612133
3,8,15	-0.0058704806654867586	0.01023835735055296
3,9,10	0.0019510966328852128	0.010231294190216159
3,9,11	-0.018946085273279595	0.010198441720522937
3,9,12	-0.014258115919071952	0.010200277860746225
3,9,13	0.0013217415371125463	0.010201011523979479
3,9,14	0.015057038121370271	0.010220454326551989
3,9,15	-0.016090718498143478	0.010215514557369403
3,10,11	0.021081751460854205	0.010226070126554748
3,10,12	0.009724768204321074	0.010268684242589638
3,10,13	0.0017622166247744091	0.010200182258647645
3,10,14	-9.874589867258858e-05	0.010174349720951912
3,10,15	-0.0016450870839511014	0.010244976654632025
3,11,12	0.03146717738580737	0.010188877913778593
3,11,13	0.04529306081694021	0.010216904731487553
3,11,14	-0.003859854352063443	0.010172717101722146
3,11,15	0.019535190557455263	0.010233998936455385
3,12,13	-0.00227453080888479	0.010180150510585998
3,12,14	0.000522568011477623	0.010232092763822734
3,12,15	0.01634412863821142	0.010208029057014435
3,13,14	0.008104186306459179	0.01025141920650594
3,13,15	-0.020510626094178915	0.010213324171407178
3,14,15	-0.023196275498092427	0.010228544021209672
4,5,6	0.09474972149896828	530.935435524652
4,5,7	-1.36973678638658	1963.479289766925
4,5,8	0.9875636105945546	1318.7834270986511
4,5,9	-3.107960533686484	5270.937926654642
4,5,10	2.8267159697886326	3195.2592578455947
4,5,11	0.18437720966117485	338.8496433690322
4,5,12	3.0154100764139273	4603.573330161768
4,5,13	2.7410673668738035	4264.175162372708
4,5,14	0.7709386024164928	1670.2656136357998
4,5,15	-0.4818680786897893	454.2454084898867
4,6,7	-0.01018231888128493	0.010211553132287856
4,6,8	-0.004883225125418214	0.010261298775614557
4,6,9	-0.010472620272834061	0.010168342450942584
4,6,10	-0.0016569050112115412	0.010227126010592048
4,6,11	7.451073441485909e-05	0.01009252453895709
4,6,12	-0.006235294998093663	0.010148424827165412
4,6,13	-0.016516170456767027	0.010225295644160864
4,6,14	-0.01570924065682864	0.01019106444701798
4,6,15	0.00879192312709047	0.010105023277626838
4,7,8	0.008465485015473706	0.010251307069188526
4,7,9	-0.0033210284820407395	0.010129956321721496
4,7,10	-0.07152429584916259	0.010164612087692084
4,7,11	0.013665487502768312	0.01006126213847638
4,7,12	-7.143579102398198e-05	0.01019530432344656
4,7,13	0.051157859313170274	0.010202380264967972
4,7,14	0.016210379652830776	0.010196179321453004
4,7,15	-0.005061775614075735	0.010172913202564356
4,8,9	0.010427270347365711	0.010197007670149215
4,8,10	0.015924404575887823	0.010219920381437295
4,8,11	-0.02585284169307852	0.010160047508381157
4,8,12	0.007404005148425795	0.010247503747041403
4,8,13	0.0018374173203281193	0.010232181812932978
4,8,14	-0.0020417313592494437	0.010135520700800933
4,8,15	0.016507561078330082	0.010257402588915585
4,9,10	-0.006825365965326695	0.010158917256267259
4,9,11	0.056359954809555815	0.010003994398609248
4,9,12	0.010102519717711068	0.010197557609830047
4,9,13	-0.007077261874548416	0.010222728258103072
4,9,14	-0.027491525399720745	0.010164174827659397
4,9,15	0.012450559426505256	0.010132675977138305
4,10,11	-0.057961135825227494	0.010066233385318257
4,10,12	0.021614229537160697	0.010160928993954323
4,10,13	0.025803030973941776	0.01015575828039554
4,10,14	0.09648302100721022	0.0100442643155902
4,10,15	-0.025195849902865445	0.010163839215013714
4,11,12	-0.1199965781093944	0.009973202427260243
4,11,13	-0.1923250222724149	0.009859121669010594
4,11,14	-0.12294883723877918	0.010001818425080064
4,11,15	0.038051011179787805	0.00994964675258398
4,12,13	0.05111333145916444	0.010121992714267808
4,12,14	0.02056349507183701	0.010150069441964954
4,12,15	-0.08518322611942455	0.010148566149701544
4,13,14	0.08865174099426842	0.010064814186352456
4,13,15	0.002243646162836412	0.010128574715888777
4,14,15	0.039655197249032735	0.010164126022237424
5,6,7	0.08933388986525971	0.058079913126517856
5,6,8	0.8895211570060896	0.06444508381457659
5,6,9	1.041667841396982	0.08094352618814411
5,6,10	0.3180596565154869	0.10524546216401902
5,6,11	0.04902331142275897	675.4484442729514
5,6,12	-0.4816318742581947	0.0651998775147305
5,6,13	0.14721737884605596	537.3897942255533
5,6,14	0.7463073433335189	2939.358007433923
5,6,15	0.4514232965729989	462.1578936526749
5,7,8	-0.31885276326618356	0.06643889017069157
5,7,9	-0.9858124593807998	0.08834117900779861
5,7,10	0.5632492710684549	0.1012216894529957
5,7,11	1.8921228543136468	5430.049925491716
5,7,12	0.20123321763440513	0.06785037207982501
5,7,13	1.0789234144747453	2737.6720875051965
5,7,14	-1.4449066481562751	3211.168568749477
5,7,15	-2.253061528491155	3589.0107180141868
5,8,9	-1.060399593796723	0.08171925464802945
5,8,10	-0.21358187550298507	0.10515482729090717
5,8,11	0.7094003905963294	1027.2374586213207
5,8,12	-0.21241829896253542	0.07500350261883251
5,8,13	-1.2626754271480647	1925.4985491752186
5,8,14	-0.8067060281090799	1084.7795536399067
5,8,15	0.24247187025206712	338.45525127961247
5,9,10	5.6550829171265775	9971.809001760976
5,9,11	-3.1299632225204364	5920.12671832029
5,9,12	6.998528409670887	11298.7565856184
5,9,13	-1.6190843459162871	2237.969779378907
5,9,14	-2.9991099086376947	3687.3237626379514
5,9,15	-1.9663023838610914	2957.5641186635
5,10,11	2.309042149360428	4377.876726025134
5,10,12	-5.011140107283787	8266.875126763267
5,10,13	3.0232544412669684	5107.774012744046
5,10,14	3.099289590604456	4117.575302324254
5,10,15	2.925542692291601	5457.657473756244
5,11,12	2.9475729455172823	3781.0422116957675
5,11,13	0.40011008804563925	369.8535378741318
5,11,14	1.9559082141393718	1984.5778891657164
5,11,15	2.2390767742416307	2500.738156390308
5,12,13	1.6057847854645435	2690.3706886612626
5,12,14	2.21375641208174	4061.1717088403934
5,12,15	2.263281828731532	2732.333373493931
5,13,14	-0.1621182397824121	394.39541324390296
5,13,15	0.9194803500101724	829.4767700146006
5,14,15	-0.8151537147872021	519.9189248356812
6,7,8	-0.0006309690687164953	0.010181736806632374
6,7,9	0.003099060420120743	0.010090612890004068
6,7,10	-0.016669995600847032	0.01014615381875982
6,7,11	0.01712003892543294	0.010204837574673345
6,7,12	-0.017715563789549582	0.010198646727473601
6,7,13	-0.03057208397584204	0.010213533382363534
6,7,14	-0.02936684144666549	0.01020802003790622
6,7,15	0.013628285369210354	0.010222948363444218
6,8,9	0.01046129762114143	0.010199904217584262
6,8,10	0.013984339337712124	0.010231141014878663
6,8,11	0.0009380617335093845	0.01023090415412006
6,8,12	0.00017484507041518692	0.01025437425118711
6,8,13	-0.015014309255711537	0.010223841662926508
6,8,14	0.011274437499387457	0.010206714794631888
6,8,15	-0.0018258781303149144	0.010255391235443381
6,9,10	-0.0008763270394880636	0.010244890765880896
6,9,11	0.011800204672065008	0.010197053141049383
6,9,12	0.02428903790146226	0.010202256327140426
6,9,13	0.007412460739582551	0.010220077932411661
6,9,14	-0.008026932717142263	0.010223937333205257
6,9,15	0.022047474860161377	0.01017940873336802
6,10,11	-0.002653914529509025	0.010190041835695723
6,10,12	0.007452160131689897	0.010224800585524265
6,10,13	-0.011945923053576769	0.01019720596201262
6,10,14	-0.010288163494748244	0.010169623508804168
6,10,15	0.0076149466960530494	0.010247972149063278
6,11,12	0.009823930998947756	0.01016011347770911
6,11,13	0.012155834605500735	0.01020759363558383
6,11,14	-0.009912935922322508	0.010176402368670586
6,11,15	0.009115949037387439	0.010193615202580364
6,12,13	-0.007939486117059611	0.0100945679208725
6,12,14	0.0013388022834817815	0.010212043851961044
6,12,15	-0.006725855493259114	0.010248196461491813
6,13,14	-0.023738317876420664	0.010201878131423528
6,13,15	0.009110319501976712	0.010211740389568402
6,14,15	-0.017397028855736373	0.010199126616258027
7,8,9	0.006261584496175149	0.010140840748455072
7,8,10	0.009681844291730576	0.010153067013215299
7,8,11	-0.009586090817027668	0.010228146925417063
7,8,12	-0.0065989029874662965	0.01020016831208634
7,8,13	0.005242721222943122	0.010230121151241037
7,8,14	0.0033171487350634487	0.010202078648541961
7,8,15	0.011657613757926288	0.010236513908624362
7,9,10	-0.004905771675262888	0.010144114385105795
7,9,11	0.008992687187424218	0.010179309656538689
7,9,12	0.028444055932411307	0.010195038904239338
7,9,13	0.010409921502888287	0.01017668871722949
7,9,14	-0.03207380610012207	0.010161461501745767
7,9,15	0.020138621148313655	0.010172093059033504
7,10,11	-0.03944152378721118	0.010216663003299778
7,10,12	-0.05569795777815177	0.010161803554175598
7,10,13	0.20250464350747088	0.010035272450329506
7,10,14	0.006201086560200657	0.01014976599350106
7,10,15	0.05056452507386409	0.010186138796644118
7,11,12	0.024357776302032178	0.010221442952001563
7,11,13	-0.04915789306595028	0.010203942772427976
7,11,14	-0.06176404868791919	0.010179417585330352
7,11,15	0.007939017307496948	0.01019871975571815
7,12,13	0.1175147957995397	0.010116885825982013
7,12,14	-0.07355789520986906	0.01011912501053358
7,12,15	0.005482279926698546	0.010228880510300135
7,13,14	-0.027854222611340518	0.010134097744779446
7,13,15	-0.052982945621952465	0.010176269282896146
7,14,15	-0.03728485656606306	0.010191782014794946
8,9,10	-0.0050620116859822935	0.010225758694329278
8,9,11	0.013951409925837044	0.01017092417704231
8,9,12	-0.0023861670551356246	0.010247988715248832
8,9,13	-0.010755488435144185	0.010221924021434462
8,9,14	-0.016829740464004955	0.010142055192732013
8,9,15	0.007495167479903106	0.010221693447827718
8,10,11	0.05792926569697305	0.010160795596668134
8,10,12	-0.042402326284514937	0.01022191289049705
8,10,13	-0.006473501281989814	0.010148827638555144
8,10,14	0.04624989016684946	0.010149698651053606
8,10,15	-0.016183958399414167	0.010201946702399092
8,11,12	0.05162192171772567	0.010204376040137415
8,11,13	-0.0014846881122854907	0.010171126575531927
8,11,14	0.009939982571904421	0.010181431415277518
8,11,15	-0.0032476582067184887	0.01021519932767429
8,12,13	0.0011768039552394875	0.01019420279250972
8,12,14	0.025380910487973668	0.01024124822905376
8,12,15	-0.008447750859421954	0.01024378135781439
8,13,14	0.03058837153372831	0.010264828648683453
8,13,15	-0.002241598573236502	0.010213732377252585
8,14,15	-0.0077040292323989	0.010184771118451274
9,10,11	0.0005077805827563787	0.01022019105786698
9,10,12	-0.024481047034446573	0.010234722337913173
9,10,13	-0.009831325326562378	0.010129165378336876
9,10,14	-0.010943880219502763	0.010148501948117755
9,10,15	0.013479390872603704	0.010227080807963822
9,11,12	-0.016156096343748833	0.0101948216364194
9,11,13	-0.05769166244465652	0.010187901082548882
9,11,14	-0.06527207997469688	0.010142825056538482
9,11,15	-0.009842181520199552	0.01014848141120941
9,12,13	0.03078595025310945	0.010189854052969231
9,12,14	-0.00258572388278266	0.010174074825014043
9,12,15	-0.016742743782104632	0.010191678571689683
9,13,14	-0.009576887342708004	0.010203533378895534
9,13,15	-0.0013520942457402848	0.010280450952583885
9,14,15	0.026417779559801652	0.010167793465044778
10,11,12	0.10494086385299543	0.010158169368690274
10,11,13	-0.0010243666763875864	0.010202701072728103
10,11,14	0.06200758024252751	0.010083712794953183
10,11,15	0.0041387344781483185	0.010134448646170332
10,12,13	-0.15000969453522503	0.01006140618790281
10,12,14	0.18964791667939895	0.010015474883119897
10,12,15	-0.07122438198509286	0.01016062526103494
10,13,14	-0.0016482267719788572	0.010011462426078492
10,13,15	0.018060907674575064	0.010155256059127912
10,14,15	0.0071498903360378676	0.010119259635515935
11,12,13	0.18086824120801195	0.010024516671231817
11,12,14	-0.07942387196559601	0.010137243219279482
11,12,15	-0.06325838105131401	0.010130366081682596
11,13,14	0.15588468529761404	0.010058224937803343
11,13,15	0.08052233928416196	0.010167436237452256
11,14,15	0.029734721793081915	0.010152570851142705
12,13,14	0.015306578078496235	0.010209836691037122
12,13,15	0.042026241982877625	0.01016217027671156
12,14,15	-0.1343729886899901	0.0100261587876086
13,14,15	-0.08340026830900295	0.01005296562355745
