Params: 	1941
Term	Coefficient	Standard Error
Intercept	9.32541917156923
1	-0.16572899325650697	1.0
2	-0.14842026162809377	1.0
3	-0.13571442857322571	1.0
4	-0.2500335476118418	1.0
5	0.02652663215807105	1.0
6	-0.028152144567823757	1.0
7	0.01696594475738325	1.0
8	0.01838945235813421	1.0
9	0.01295693441186227	1.0
10	0.3317286682776752	1.0
11	-0.00565205038661469	1.0
12	-0.020962947330048484	1.0
13	-0.08681132943122352	1.0
14	-0.021433783937853987	1.0
15	0.0398595533843904	1.0
1,2	0.010167840881474127	1.0
1,3	-0.24978449847221293	1.0
1,4	-0.1429222612518819	1.0
1,5	-0.02855699464807115	1.0
1,6	-0.003927294016379257	1.0
1,7	-0.027903034889958246	1.0
1,8	0.015766608837466264	1.0
1,9	0.010673991356040614	1.0
1,10	0.03079762549031126	1.0
1,11	-0.0451791995017225	1.0
1,12	-0.009212253088761384	1.0
1,13	-0.08942809316261155	1.0
1,14	0.037042307148592385	1.0
1,15	0.016497407438515667	1.0
2,3	-0.14904432863928663	1.0
2,4	-0.12234962214437421	1.0
2,5	0.014580790769747123	1.0
2,6	0.00705040864299224	1.0
2,7	-0.04160830484007341	1.0
2,8	-0.0306925277742976	1.0
2,9	-0.002235373807021792	1.0
2,10	0.04430225672522423	1.0
2,11	-0.018998784396014927	1.0
2,12	0.011860718064625443	1.0
2,13	-0.026359028524460364	1.0
2,14	0.007270368254685269	1.0
2,15	-0.038760382167414204	1.0
3,4	-0.01285654363516904	1.0
3,5	0.012687655327291391	1.0
3,6	0.02686115885744054	1.0
3,7	-0.001599394028889884	1.0
3,8	0.03240950525637015	1.0
3,9	-2.0193099759986677e-06	1.0
3,10	-0.017319612401160308	1.0
3,11	0.003951023356704823	1.0
3,12	0.025238291795930953	1.0
3,13	-0.02002917097592912	1.0
3,14	-0.0039513210278063204	1.0
3,15	-0.0025803990944049497	1.0
4,5	0.1069156095764858	1.0
4,6	0.024108657588269175	1.0
4,7	-0.05583763583461289	1.0
4,8	-0.033593559041070795	1.0
4,9	-0.04046348285351725	1.0
4,10	-0.032345784453571856	1.0
4,11	-0.03945085575355567	1.0
4,12	0.007989094762089154	1.0
4,13	0.015598017748711493	1.0
4,14	0.014915141782255975	1.0
4,15	-0.017940968734582747	1.0
5,6	0.006670829990662196	1.0
5,7	-0.000610485361048233	1.0
5,8	-0.01599045927802065	1.0
5,9	0.002279953094656834	1.0
5,10	0.015183413876136429	1.0
5,11	-0.0128674816598769	1.0
5,12	-0.006324147718882758	1.0
5,13	-0.013668293639879103	1.0
5,14	-0.01631794050907623	1.0
5,15	-0.01826051272411382	1.0
6,7	-0.02413974549408257	1.0
6,8	-0.02212649836358123	1.0
6,9	-0.01830810532056589	1.0
6,10	-0.322826545970798	1.0
6,11	0.04487885600771775	1.0
6,12	0.0486333582532046	1.0
6,13	0.05315653716142832	1.0
6,14	0.03185312470816139	1.0
6,15	-0.02490816897733819	1.0
7,8	0.009357320803398317	1.0
7,9	0.014665135937084304	1.0
7,10	0.03261153131905466	1.0
7,11	-0.010784371183065283	1.0
7,12	-0.016035532986969185	1.0
7,13	-0.0998599456668476	1.0
7,14	0.013670431447236965	1.0
7,15	-0.03729854219775104	1.0
8,9	-0.015639546577824084	1.0
8,10	0.04234446065062013	1.0
8,11	-0.008930006527796715	1.0
8,12	-0.028061541507185386	1.0
8,13	0.006109181141021576	1.0
8,14	-0.009779946014760314	1.0
8,15	-0.012656392954080265	1.0
9,10	0.048633840313758676	1.0
9,11	-0.0037177967216125126	1.0
9,12	-0.020686447767772266	1.0
9,13	0.010814182493597158	1.0
9,14	0.037237084707445675	1.0
9,15	-0.046165822307755414	1.0
10,11	-0.3220793983320294	1.0
10,12	-0.2959696591949881	1.0
10,13	-0.3255342873714782	1.0
10,14	-0.07079164573587378	1.0
10,15	-0.004642301379556987	1.0
11,12	0.0028463116303320737	1.0
11,13	0.05753666755111611	1.0
11,14	0.04313438445648765	1.0
11,15	-0.025618967394670338	1.0
12,13	0.07517340840811354	1.0
12,14	0.027890266190183283	1.0
12,15	0.007244744988752586	1.0
13,14	0.06514300800816347	1.0
13,15	-0.023366475324223396	1.0
14,15	-0.011629318603266237	1.0
1,2,3	-0.0384086570337118	1.0
1,2,4	0.05596847333307528	1.0
1,2,5	0.016699123095369906	1.0
1,2,6	0.000892544218046628	1.0
1,2,7	0.009458691972275595	1.0
1,2,8	-0.0054435536959663525	1.0
1,2,9	-0.014765144225622036	1.0
1,2,10	0.015148862455317295	1.0
1,2,11	0.0073504986364915596	1.0
1,2,12	-0.0048345325489280964	1.0
1,2,13	0.03815355808532441	1.0
1,2,14	-0.008825703283065152	1.0
1,2,15	-0.0016966962828015271	1.0
1,3,4	-0.04750223267674398	1.0
1,3,5	0.039799374288476505	1.0
1,3,6	0.03406190560726395	1.0
1,3,7	0.024856102817495937	1.0
1,3,8	-0.012908965731672663	1.0
1,3,9	-0.009256448747945626	1.0
1,3,10	-0.00947662509131448	1.0
1,3,11	0.01135481609306661	1.0
1,3,12	0.013365451512920044	1.0
1,3,13	0.0449909872994177	1.0
1,3,14	-0.014198086606652945	1.0
1,3,15	0.0006567356007425324	1.0
1,4,5	0.04320232544681264	1.0
1,4,6	0.054299158220645585	1.0
1,4,7	0.0566868575464184	1.0
1,4,8	-0.019300581286192622	1.0
1,4,9	0.0016236189050194182	1.0
1,4,10	-0.05049929610228154	1.0
1,4,11	0.028063189115600694	1.0
1,4,12	0.03189076088868452	1.0
1,4,13	0.07028067653660192	1.0
1,4,14	-0.003075995114687054	1.0
1,4,15	-0.009015647198386377	1.0
1,5,6	0.0026424913740738087	1.0
1,5,7	0.0118693358535387	1.0
1,5,8	0.012183826018552071	1.0
1,5,9	-0.008567224639562557	1.0
1,5,10	-0.00429172697432755	1.0
1,5,11	0.02475875933654094	1.0
1,5,12	0.01538956648324347	1.0
1,5,13	0.003298341405235149	1.0
1,5,14	0.007738075144084259	1.0
1,5,15	-0.006879140954436425	1.0
1,6,7	0.011077465035411866	1.0
1,6,8	-0.005572541473814	1.0
1,6,9	-0.004607080293245839	1.0
1,6,10	-0.014953704736041878	1.0
1,6,11	0.024976876334318207	1.0
1,6,12	0.0060567387182553336	1.0
1,6,13	0.021553363330196033	1.0
1,6,14	-0.042125938849981	1.0
1,6,15	0.0046875697226920155	1.0
1,7,8	-0.00770533101521422	1.0
1,7,9	-0.0015367070042229545	1.0
1,7,10	0.009609529193108568	1.0
1,7,11	0.024183129772483724	1.0
1,7,12	0.025884713239033463	1.0
1,7,13	-0.05090711222127622	1.0
1,7,14	-0.052005911840129315	1.0
1,7,15	-0.008348044504045447	1.0
1,8,9	-0.013090282517631316	1.0
1,8,10	-0.0007473575834488783	1.0
1,8,11	0.002160613727089861	1.0
1,8,12	0.006197458743491053	1.0
1,8,13	-0.003687702824845958	1.0
1,8,14	-0.002063591950074813	1.0
1,8,15	-0.008144536118016254	1.0
1,9,10	0.002466525317625031	1.0
1,9,11	-0.0010133495741796571	1.0
1,9,12	0.010253563691191547	1.0
1,9,13	0.013292800850031842	1.0
1,9,14	-0.011871876594317054	1.0
1,9,15	-0.0005242900762081372	1.0
1,10,11	-0.024746636278614537	1.0
1,10,12	-0.038794900729813814	1.0
1,10,13	-0.0019046876569044557	1.0
1,10,14	0.019641664000651177	1.0
1,10,15	-0.005182388891292635	1.0
1,11,12	-0.0013301715183654476	1.0
1,11,13	0.04136322563065476	1.0
1,11,14	-0.028624791487718577	1.0
1,11,15	-0.0029719788671919625	1.0
1,12,13	0.049301365164104924	1.0
1,12,14	-0.05872892039950644	1.0
1,12,15	0.0015913005592886748	1.0
1,13,14	-0.0016438180616864528	1.0
1,13,15	-0.005591517916801039	1.0
1,14,15	-0.0022141197377746995	1.0
2,3,4	0.378301538326886	1.0
2,3,5	-0.0021937679496152485	1.0
2,3,6	-0.02122664251744612	1.0
2,3,7	0.0060454545131819505	1.0
2,3,8	-0.006858424121596645	1.0
2,3,9	-0.005187649201780227	1.0
2,3,10	0.003863129141630928	1.0
2,3,11	-0.02284090792467525	1.0
2,3,12	-0.027791466528651422	1.0
2,3,13	0.00804688891506945	1.0
2,3,14	0.009696866625676122	1.0
2,3,15	0.02196921836721508	1.0
2,4,5	-0.06371142016502396	1.0
2,4,6	0.014849447179069143	1.0
2,4,7	0.060271965133678204	1.0
2,4,8	0.03496807660267204	1.0
2,4,9	0.0023927368251757163	1.0
2,4,10	-0.04158696992705303	1.0
2,4,11	0.03764532927831047	1.0
2,4,12	0.0247173649326465	1.0
2,4,13	0.05345854943590558	1.0
2,4,14	0.014653115483437115	1.0
2,4,15	-0.00809149744062932	1.0
2,5,6	-0.011542112773022448	1.0
2,5,7	0.028021559926439683	1.0
2,5,8	0.029925286723616117	1.0
2,5,9	-0.010761396567406871	1.0
2,5,10	-0.025168655703027995	1.0
2,5,11	0.007999287783385007	1.0
2,5,12	-0.004154007841804896	1.0
2,5,13	0.017108152604020405	1.0
2,5,14	-0.0063680310318800105	1.0
2,5,15	0.022569997180690016	1.0
2,6,7	0.011265465697817372	1.0
2,6,8	0.007207458105818902	1.0
2,6,9	-0.010148233163410632	1.0
2,6,10	-0.004338376156977587	1.0
2,6,11	0.0039985791558689	1.0
2,6,12	-0.006077157305503395	1.0
2,6,13	-0.0027908974995122767	1.0
2,6,14	-0.02163764159156253	1.0
2,6,15	-0.002901651441438717	1.0
2,7,8	0.01574008320155247	1.0
2,7,9	-0.0033701062803816483	1.0
2,7,10	-0.010578722702517977	1.0
2,7,11	0.0077508038627493985	1.0
2,7,12	0.024892103262543257	1.0
2,7,13	-0.0026694680978323754	1.0
2,7,14	-0.03431608933750571	1.0
2,7,15	0.01460225067050494	1.0
2,8,9	0.003886628514443647	1.0
2,8,10	-0.01750933603836114	1.0
2,8,11	0.002274317485683462	1.0
2,8,12	0.005478883864367957	1.0
2,8,13	0.00819849010458214	1.0
2,8,14	0.008842926787338385	1.0
2,8,15	0.03170224367705464	1.0
2,9,10	-0.0016994696148358171	1.0
2,9,11	0.009991391446774973	1.0
2,9,12	0.00663826442727759	1.0
2,9,13	-0.0010359414006894142	1.0
2,9,14	-0.004466470624534641	1.0
2,9,15	0.0043165473527913825	1.0
2,10,11	-0.027790237573303275	1.0
2,10,12	-0.03549049634462715	1.0
2,10,13	-0.01403799045550072	1.0
2,10,14	0.004093009833103433	1.0
2,10,15	0.0025299442381956543	1.0
2,11,12	-0.004988104619323109	1.0
2,11,13	0.014297116496364302	1.0
2,11,14	-0.021901419653768444	1.0
2,11,15	0.027301915379088142	1.0
2,12,13	-0.014456389418302438	1.0
2,12,14	-0.010529409133853978	1.0
2,12,15	0.004763475281413521	1.0
2,13,14	-0.01638753390947866	1.0
2,13,15	0.011714397445553089	1.0
2,14,15	0.016345527277222598	1.0
3,4,5	0.023903845527389955	1.0
3,4,6	0.02871889127758999	1.0
3,4,7	0.02298278099598147	1.0
3,4,8	-0.0021257277466259893	1.0
3,4,9	-0.02122216034709718	1.0
3,4,10	-0.030089803062056306	1.0
3,4,11	0.03139251482544276	1.0
3,4,12	-0.004065097350698175	1.0
3,4,13	0.0320594799216857	1.0
3,4,14	-0.0035051379833026487	1.0
3,4,15	0.028230889611495523	1.0
3,5,6	-0.022899436426884825	1.0
3,5,7	0.004657728493517947	1.0
3,5,8	0.007584195208223108	1.0
3,5,9	0.013943267309272953	1.0
3,5,10	0.013916061179903995	1.0
3,5,11	-0.0024291186614998628	1.0
3,5,12	0.0007608483176414675	1.0
3,5,13	-0.004191474044427555	1.0
3,5,14	0.012592385159120386	1.0
3,5,15	-0.028123727198229538	1.0
3,6,7	-0.005147347513143119	1.0
3,6,8	-0.019672552165948362	1.0
3,6,9	-0.007482340047471565	1.0
3,6,10	0.017965681240891845	1.0
3,6,11	-0.013730421398369433	1.0
3,6,12	-0.015502949265554133	1.0
3,6,13	-0.006992818808349664	1.0
3,6,14	-0.01679516802962584	1.0
3,6,15	-0.01637825770852943	1.0
3,7,8	-0.024037474104481014	1.0
3,7,9	-0.011567828282205865	1.0
3,7,10	0.008681662131916495	1.0
3,7,11	-0.01491529785546595	1.0
3,7,12	0.01038974384554225	1.0
3,7,13	-0.01163855040613545	1.0
3,7,14	-0.0062808215151829334	1.0
3,7,15	-0.009979664719855414	1.0
3,8,9	-0.015885752107840524	1.0
3,8,10	0.006560501435604104	1.0
3,8,11	-0.009216184474667714	1.0
3,8,12	-0.011872628671749909	1.0
3,8,13	-0.02765467648865589	1.0
3,8,14	-0.008240042221466213	1.0
3,8,15	-0.007757813227194739	1.0
3,9,10	-0.006412395262142682	1.0
3,9,11	0.0006111870569086202	1.0
3,9,12	0.01142754175587999	1.0
3,9,13	0.021267674846810962	1.0
3,9,14	0.0056099417003153225	1.0
3,9,15	0.02131136882205832	1.0
3,10,11	0.0035419825770209804	1.0
3,10,12	-0.004671983964915455	1.0
3,10,13	0.02505464566384142	1.0
3,10,14	0.03711784012562582	1.0
3,10,15	-0.03278773761001797	1.0
3,11,12	-0.015034715403701545	1.0
3,11,13	-0.0026536728583072267	1.0
3,11,14	-0.014243517760277564	1.0
3,11,15	0.009863348607494948	1.0
3,12,13	-0.010904984333357782	1.0
3,12,14	-0.023864694459510612	1.0
3,12,15	0.009549333170314285	1.0
3,13,14	-0.009839810901185216	1.0
3,13,15	0.014479884860043968	1.0
3,14,15	0.005743547271285796	1.0
4,5,6	-0.04755923472197794	1.0
4,5,7	-0.021499604251402953	1.0
4,5,8	0.002450946944249771	1.0
4,5,9	-0.005901201998829705	1.0
4,5,10	0.034623742712590166	1.0
4,5,11	-0.007827899315828989	1.0
4,5,12	-0.028560132970472198	1.0
4,5,13	-0.04433324102235027	1.0
4,5,14	0.01510418830130102	1.0
4,5,15	0.02161774211914233	1.0
4,6,7	0.004189056897574761	1.0
4,6,8	0.03411789431725972	1.0
4,6,9	-0.005552153503698854	1.0
4,6,10	0.05415398513323095	1.0
4,6,11	-0.01611295714104042	1.0
4,6,12	-0.03131562664784045	1.0
4,6,13	-0.03372911913408099	1.0
4,6,14	-0.014936834781413003	1.0
4,6,15	0.009391227145535516	1.0
4,7,8	0.01647979706664092	1.0
4,7,9	0.016261430034355897	1.0
4,7,10	-0.061971385129179726	1.0
4,7,11	0.04582461352024942	1.0
4,7,12	0.03801810775138314	1.0
4,7,13	0.04536306654334281	1.0
4,7,14	-0.0025528430138916456	1.0
4,7,15	0.0071591580836801085	1.0
4,8,9	0.01827474352280031	1.0
4,8,10	-0.032682049710666655	1.0
4,8,11	0.023519021999677866	1.0
4,8,12	0.020811036588709475	1.0
4,8,13	0.015029765613902422	1.0
4,8,14	-0.0035304775372867227	1.0
4,8,15	-0.010731136177626426	1.0
4,9,10	-0.0193670509236707	1.0
4,9,11	0.026479578029198772	1.0
4,9,12	0.053787384392064	1.0
4,9,13	0.025774245317945223	1.0
4,9,14	-0.007613582684650437	1.0
4,9,15	0.019374499248787706	1.0
4,10,11	0.06784810934193443	1.0
4,10,12	0.037435822171568316	1.0
4,10,13	0.05769509336367644	1.0
4,10,14	0.017800211988970603	1.0
4,10,15	0.0015118720470638268	1.0
4,11,12	-0.02315512195400847	1.0
4,11,13	-0.0046029083660799296	1.0
4,11,14	-0.029689680717190546	1.0
4,11,15	0.011364083902661545	1.0
4,12,13	-0.0532805963187687	1.0
4,12,14	-0.017291505655245246	1.0
4,12,15	0.01276902898604292	1.0
4,13,14	-0.010742603865249998	1.0
4,13,15	0.00037233738611823757	1.0
4,14,15	-0.020023010980713834	1.0
5,6,7	0.01088770395227974	1.0
5,6,8	0.009820858555871307	1.0
5,6,9	-0.009460566000430302	1.0
5,6,10	-0.0026573119093762096	1.0
5,6,11	0.008456687367838205	1.0
5,6,12	-0.001656306769065195	1.0
5,6,13	-0.004296015993375415	1.0
5,6,14	0.006615417249556439	1.0
5,6,15	0.00291366553062718	1.0
5,7,8	-0.010847254827939285	1.0
5,7,9	-0.010333673996800831	1.0
5,7,10	-0.011104280752332146	1.0
5,7,11	-0.007028249126712589	1.0
5,7,12	0.009623864930731547	1.0
5,7,13	-0.01699951242179671	1.0
5,7,14	0.0043616833328763245	1.0
5,7,15	-0.009410269549822362	1.0
5,8,9	0.007554110793415451	1.0
5,8,10	-0.002687819696321243	1.0
5,8,11	-0.017568240781817183	1.0
5,8,12	0.018118430465805885	1.0
5,8,13	0.003146369574276852	1.0
5,8,14	-0.005060861052600134	1.0
5,8,15	0.011669531754675624	1.0
5,9,10	0.006695409362132593	1.0
5,9,11	0.004448918615890517	1.0
5,9,12	-0.014706315571181947	1.0
5,9,13	0.01255040454159136	1.0
5,9,14	0.009586048656884193	1.0
5,9,15	0.0034118585834093827	1.0
5,10,11	0.00035566443883818574	1.0
5,10,12	-0.007957434598862317	1.0
5,10,13	-0.017090094755119443	1.0
5,10,14	-0.027557441055023137	1.0
5,10,15	-0.00023330138642923583	1.0
5,11,12	0.02628801454820017	1.0
5,11,13	-0.007973671442191427	1.0
5,11,14	0.030520957073015022	1.0
5,11,15	0.02070200459017517	1.0
5,12,13	-0.004444913474560216	1.0
5,12,14	0.0020560392254125454	1.0
5,12,15	-0.005403424829862101	1.0
5,13,14	0.012990287247692436	1.0
5,13,15	0.02108170778999737	1.0
5,14,15	0.016250764074415412	1.0
6,7,8	0.0009819680901132846	1.0
6,7,9	0.006483688176435771	1.0
6,7,10	0.031202910619472904	1.0
6,7,11	-0.012764582252351582	1.0
6,7,12	-0.0027874224715018206	1.0
6,7,13	-0.009839504008955852	1.0
6,7,14	0.012197520187250508	1.0
6,7,15	0.026743381470906595	1.0
6,8,9	0.02615297236421658	1.0
6,8,10	0.001958266588478048	1.0
6,8,11	0.006902925703050226	1.0
6,8,12	0.010745423379823631	1.0
6,8,13	-0.0012478736675266859	1.0
6,8,14	-0.0039538874262747955	1.0
6,8,15	0.012276930070760939	1.0
6,9,10	0.01621727914795391	1.0
6,9,11	0.02675952936539655	1.0
6,9,12	0.01777765608436738	1.0
6,9,13	0.010655037047334903	1.0
6,9,14	-0.021675857523595132	1.0
6,9,15	0.012028729205009287	1.0
6,10,11	0.2574499548074166	1.0
6,10,12	0.23615754744464207	1.0
6,10,13	0.25243274774293795	1.0
6,10,14	0.00038757932723022326	1.0
6,10,15	0.028568956293749115	1.0
6,11,12	-0.0787553612644788	1.0
6,11,13	-0.09755806888437558	1.0
6,11,14	-0.01157966290877223	1.0
6,11,15	-0.0038982903404003208	1.0
6,12,13	-0.07909605404110417	1.0
6,12,14	-0.01616246374961401	1.0
6,12,15	0.007245481395820661	1.0
6,13,14	-0.014165717319136375	1.0
6,13,15	0.0007982241098272464	1.0
6,14,15	0.0033549770198835183	1.0
7,8,9	0.001766702547915984	1.0
7,8,10	-0.024864850497693256	1.0
7,8,11	0.011199316253945917	1.0
7,8,12	-0.013899719126079253	1.0
7,8,13	0.006297945123629687	1.0
7,8,14	-0.01140111600206202	1.0
7,8,15	0.00017554468039003698	1.0
7,9,10	-0.01714216135137434	1.0
7,9,11	-0.017987119214643816	1.0
7,9,12	-0.003145947603599746	1.0
7,9,13	-0.012703454238381855	1.0
7,9,14	-0.01873346835158999	1.0
7,9,15	0.040023872370636746	1.0
7,10,11	-0.0029751597111440315	1.0
7,10,12	-0.012504410758947856	1.0
7,10,13	0.09949790063682992	1.0
7,10,14	-0.024275124069898374	1.0
7,10,15	-0.00023546107974572062	1.0
7,11,12	0.005407565979945599	1.0
7,11,13	0.023446664904466022	1.0
7,11,14	-0.0159079338651431	1.0
7,11,15	0.026401386318884838	1.0
7,12,13	0.08565881098733269	1.0
7,12,14	0.008469963962413849	1.0
7,12,15	0.01313741289141493	1.0
7,13,14	-0.06306676131575692	1.0
7,13,15	0.03374209780356531	1.0
7,14,15	0.021742513118113996	1.0
8,9,10	-0.002880195718863919	1.0
8,9,11	0.0036475344031178043	1.0
8,9,12	0.016366846376519032	1.0
8,9,13	-0.028648758195777564	1.0
8,9,14	-0.0008117145192344209	1.0
8,9,15	0.03392417647407012	1.0
8,10,11	-0.026073609187199927	1.0
8,10,12	-0.044706343983579644	1.0
8,10,13	-0.0314821393391156	1.0
8,10,14	0.001439277679041635	1.0
8,10,15	-0.017619456315596804	1.0
8,11,12	0.02575076211692129	1.0
8,11,13	-0.0048538811833648355	1.0
8,11,14	0.01231906911614443	1.0
8,11,15	0.007021246574919067	1.0
8,12,13	0.039344392111710716	1.0
8,12,14	0.027321839146068862	1.0
8,12,15	-0.021586878808458086	1.0
8,13,14	0.003075418916802677	1.0
8,13,15	0.009487514484447688	1.0
8,14,15	0.010138362066609204	1.0
9,10,11	-0.04954316849180491	1.0
9,10,12	-0.03263101731620398	1.0
9,10,13	-0.050829852711283714	1.0
9,10,14	0.029468122510496	1.0
9,10,15	0.011267599538960405	1.0
9,11,12	0.03164971434190829	1.0
9,11,13	-0.001311862292212319	1.0
9,11,14	0.0048924882061198785	1.0
9,11,15	-0.007762650479803383	1.0
9,12,13	0.01061447860907411	1.0
9,12,14	-0.034460700591952734	1.0
9,12,15	0.008334634127224624	1.0
9,13,14	-0.017738624164876475	1.0
9,13,15	0.016383627314328013	1.0
9,14,15	-0.020189356291399778	1.0
10,11,12	0.2670047688407899	1.0
10,11,13	0.3036216378311363	1.0
10,11,14	0.06635380055191864	1.0
10,11,15	-0.003644573408896636	1.0
10,12,13	0.26166881993024327	1.0
10,12,14	0.018582908189175334	1.0
10,12,15	-0.015507344372209863	1.0
10,13,14	0.018587717774791665	1.0
10,13,15	0.01251905201776567	1.0
10,14,15	0.015375504282420863	1.0
11,12,13	-0.056067508801823464	1.0
11,12,14	-0.03542326970747062	1.0
11,12,15	0.00017834229649874717	1.0
11,13,14	0.027229424654378616	1.0
11,13,15	-0.023388067804329525	1.0
11,14,15	-0.026919799909803987	1.0
12,13,14	-0.0518915004494363	1.0
12,13,15	-0.030021578739012872	1.0
12,14,15	-0.02053355446530867	1.0
13,14,15	-0.034037603253077656	1.0
1,2,3,4	0.19691602454517237	1.0
1,2,3,5	-0.05200640173256204	1.0
1,2,3,6	-0.007530018508387163	1.0
1,2,3,7	0.024847265493917393	1.0
1,2,3,8	0.013132470778953924	1.0
1,2,3,9	0.007250537578749515	1.0
1,2,3,10	-0.010858490423743473	1.0
1,2,3,11	-0.0035324737856352356	1.0
1,2,3,12	-0.0018768468035513938	1.0
1,2,3,13	0.024214593396679022	1.0
1,2,3,14	0.00285624788930168	1.0
1,2,3,15	-0.009028577615016813	1.0
1,2,4,5	0.004630048503454906	1.0
1,2,4,6	-0.03733533816037171	1.0
1,2,4,7	-0.046309521322466476	1.0
1,2,4,8	0.00020296929620550186	1.0
1,2,4,9	0.011494779935734542	1.0
1,2,4,10	0.008375092739217046	1.0
1,2,4,11	-0.00020383917001300664	1.0
1,2,4,12	-8.820497492848336e-05	1.0
1,2,4,13	-0.029542551092337384	1.0
1,2,4,14	0.00811995733858435	1.0
1,2,4,15	-0.002702452688278671	1.0
1,2,5,6	0.0035300715573472795	1.0
1,2,5,7	0.003697790479840678	1.0
1,2,5,8	-0.0038092480974896152	1.0
1,2,5,9	0.0060557672652202825	1.0
1,2,5,10	0.002917395254446688	1.0
1,2,5,11	-0.007989351338758374	1.0
1,2,5,12	0.0021184252564856966	1.0
1,2,5,13	-0.0009715047439995317	1.0
1,2,5,14	0.0021767129427005738	1.0
1,2,5,15	0.002576419457325174	1.0
1,2,6,7	0.009788095515396838	1.0
1,2,6,8	0.0032941015075140627	1.0
1,2,6,9	0.006350885780394808	1.0
1,2,6,10	-0.011174212364957383	1.0
1,2,6,11	-0.003556922195092724	1.0
1,2,6,12	-0.001147866701613937	1.0
1,2,6,13	-0.004074374172782487	1.0
1,2,6,14	0.01493111509184147	1.0
1,2,6,15	0.0038269250520340005	1.0
1,2,7,8	-0.004135917026117362	1.0
1,2,7,9	-0.002066231032416212	1.0
1,2,7,10	-0.006059139916127552	1.0
1,2,7,11	-0.003661606429332989	1.0
1,2,7,12	-0.00752075450568751	1.0
1,2,7,13	0.0070665204114380925	1.0
1,2,7,14	0.010585304932272218	1.0
1,2,7,15	0.0007319464493049464	1.0
1,2,8,9	0.00787824769727581	1.0
1,2,8,10	0.0017392962044053902	1.0
1,2,8,11	-0.0076830837503711336	1.0
1,2,8,12	-0.003129615948758274	1.0
1,2,8,13	-0.00019521897799838848	1.0
1,2,8,14	-0.0016143927522192826	1.0
1,2,8,15	0.0041924327602768045	1.0
1,2,9,10	0.005191505591106515	1.0
1,2,9,11	-0.0008160528480975764	1.0
1,2,9,12	-0.003499909973985666	1.0
1,2,9,13	0.001466013943937079	1.0
1,2,9,14	-0.007326297472689535	1.0
1,2,9,15	0.0031140431417620053	1.0
1,2,10,11	0.0016245657089836122	1.0
1,2,10,12	0.013244760340619355	1.0
1,2,10,13	-0.015498756965864885	1.0
1,2,10,14	-0.01725935382929006	1.0
1,2,10,15	-0.004440926287776697	1.0
1,2,11,12	-0.0033619690071223386	1.0
1,2,11,13	-0.010903396427668412	1.0
1,2,11,14	0.01562030146030447	1.0
1,2,11,15	-0.001118225058044665	1.0
1,2,12,13	-0.012829207254885431	1.0
1,2,12,14	0.011588886895815607	1.0
1,2,12,15	0.003510595252277421	1.0
1,2,13,14	-0.0036719990451939298	1.0
1,2,13,15	0.0023304933019472514	1.0
1,2,14,15	-0.006240417318242987	1.0
1,3,4,5	-0.016183326280511643	1.0
1,3,4,6	-0.0008111765143411459	1.0
1,3,4,7	0.007633519245838831	1.0
1,3,4,8	0.006751201253153956	1.0
1,3,4,9	0.0052771909730345064	1.0
1,3,4,10	0.02293938181972752	1.0
1,3,4,11	0.00872835165307914	1.0
1,3,4,12	0.012936847885699317	1.0
1,3,4,13	-0.013278180877293834	1.0
1,3,4,14	0.004630386159698783	1.0
1,3,4,15	-0.004347962414054013	1.0
1,3,5,6	-0.009040942345905523	1.0
1,3,5,7	-0.00842029309377092	1.0
1,3,5,8	-0.002516314763469126	1.0
1,3,5,9	0.003959188421613094	1.0
1,3,5,10	0.0034520272104929415	1.0
1,3,5,11	-0.008709069983083904	1.0
1,3,5,12	-0.014434206670201618	1.0
1,3,5,13	-0.008910151459963097	1.0
1,3,5,14	0.006850518196504888	1.0
1,3,5,15	0.00545377890553138	1.0
1,3,6,7	-0.004548053232449133	1.0
1,3,6,8	0.008873050152813415	1.0
1,3,6,9	-0.005888331259112965	1.0
1,3,6,10	0.00565834940272695	1.0
1,3,6,11	-0.0035236027584301414	1.0
1,3,6,12	0.006880647553457329	1.0
1,3,6,13	-0.006428102371730789	1.0
1,3,6,14	-0.006004282448660694	1.0
1,3,6,15	-0.002858753943953105	1.0
1,3,7,8	0.004882052224340098	1.0
1,3,7,9	0.009046016602279692	1.0
1,3,7,10	-0.016041003670699643	1.0
1,3,7,11	-0.005324754020021394	1.0
1,3,7,12	-0.0030002189037533237	1.0
1,3,7,13	0.0014046801637533479	1.0
1,3,7,14	0.0060142300319584695	1.0
1,3,7,15	0.007259608137287461	1.0
1,3,8,9	0.007094743377873124	1.0
1,3,8,10	-0.008887855719623895	1.0
1,3,8,11	0.005249787923698322	1.0
1,3,8,12	-0.00508902686159326	1.0
1,3,8,13	0.0035360217374661167	1.0
1,3,8,14	-0.0027798298233311387	1.0
1,3,8,15	-0.0035135786438914504	1.0
1,3,9,10	-0.0011996387932740687	1.0
1,3,9,11	0.007728297900200197	1.0
1,3,9,12	-0.0036618164017914946	1.0
1,3,9,13	-0.014026290188275089	1.0
1,3,9,14	0.002702965704122299	1.0
1,3,9,15	0.008665905502472725	1.0
1,3,10,11	0.010321288736693579	1.0
1,3,10,12	0.012563392543367642	1.0
1,3,10,13	-0.007658320464058321	1.0
1,3,10,14	0.008145367688828972	1.0
1,3,10,15	0.006187131060747405	1.0
1,3,11,12	-0.014059272992058657	1.0
1,3,11,13	-0.012837937785408003	1.0
1,3,11,14	-0.005338896673010586	1.0
1,3,11,15	-0.004930132661157868	1.0
1,3,12,13	-0.031545796103816345	1.0
1,3,12,14	0.012168940297819878	1.0
1,3,12,15	-0.0037478136981406356	1.0
1,3,13,14	0.006320616593275405	1.0
1,3,13,15	-0.004571831105660205	1.0
1,3,14,15	0.008603477352844162	1.0
1,4,5,6	0.00909442497851616	1.0
1,4,5,7	-0.0008089234784790173	1.0
1,4,5,8	-0.0009736252601917931	1.0
1,4,5,9	-0.002225562637971036	1.0
1,4,5,10	-0.006344671111998232	1.0
1,4,5,11	-0.016995742602558008	1.0
1,4,5,12	-0.011944227057335806	1.0
1,4,5,13	-0.002976806342370458	1.0
1,4,5,14	-0.0009620144895968116	1.0
1,4,5,15	0.007577303532794514	1.0
1,4,6,7	-0.011891348725740363	1.0
1,4,6,8	-0.00200316077511189	1.0
1,4,6,9	-0.004728332014736892	1.0
1,4,6,10	0.011118500087809822	1.0
1,4,6,11	-0.026761051082964667	1.0
1,4,6,12	-0.012350167480208105	1.0
1,4,6,13	-0.01630573716938436	1.0
1,4,6,14	-0.012152850306943134	1.0
1,4,6,15	0.004307899119998905	1.0
1,4,7,8	0.006089269630382618	1.0
1,4,7,9	-0.0010124481830008462	1.0
1,4,7,10	-0.0035056001546623274	1.0
1,4,7,11	-0.012622575673078631	1.0
1,4,7,12	-0.013252920502087859	1.0
1,4,7,13	0.00450469756609857	1.0
1,4,7,14	0.006901666782268959	1.0
1,4,7,15	-0.008876324376774332	1.0
1,4,8,9	0.005174237238883286	1.0
1,4,8,10	-0.005606373574639426	1.0
1,4,8,11	0.012488051275285562	1.0
1,4,8,12	-0.001622495142016524	1.0
1,4,8,13	0.001689460033382323	1.0
1,4,8,14	-0.0011754131409771865	1.0
1,4,8,15	0.0005214385151137741	1.0
1,4,9,10	0.0007052501210796066	1.0
1,4,9,11	-0.003988107793676506	1.0
1,4,9,12	-0.0028084432900639406	1.0
1,4,9,13	-0.010535576631832964	1.0
1,4,9,14	-0.004885586178277732	1.0
1,4,9,15	-0.005882287961226134	1.0
1,4,10,11	0.01680490255149681	1.0
1,4,10,12	0.01782421096683689	1.0
1,4,10,13	0.009033225056858751	1.0
1,4,10,14	0.014403615304598808	1.0
1,4,10,15	-0.001623124937879676	1.0
1,4,11,12	-0.002927596365360184	1.0
1,4,11,13	-0.026159282662452873	1.0
1,4,11,14	-0.015655786505640902	1.0
1,4,11,15	0.018002550750090808	1.0
1,4,12,13	-0.041788213999984745	1.0
1,4,12,14	0.0012482664691477027	1.0
1,4,12,15	0.011102995186119895	1.0
1,4,13,14	-0.010509926207695877	1.0
1,4,13,15	0.00023892647119472905	1.0
1,4,14,15	0.011997448842533894	1.0
1,5,6,7	-0.01049234699071557	1.0
1,5,6,8	0.002079731556352979	1.0
1,5,6,9	-8.560710054832826e-05	1.0
1,5,6,10	-0.0014765029923408403	1.0
1,5,6,11	0.0010816295704346372	1.0
1,5,6,12	0.006063724359367487	1.0
1,5,6,13	0.0026725152121332843	1.0
1,5,6,14	-0.004365498547391011	1.0
1,5,6,15	0.0038441216741885256	1.0
1,5,7,8	-0.007326093750726899	1.0
1,5,7,9	0.0060089224418473	1.0
1,5,7,10	0.013160309267336974	1.0
1,5,7,11	-8.096022442988585e-05	1.0
1,5,7,12	-0.010448046581315928	1.0
1,5,7,13	0.0007171737935384812	1.0
1,5,7,14	-0.0040989564410929755	1.0
1,5,7,15	-0.006360259360248367	1.0
1,5,8,9	-0.006731712130911298	1.0
1,5,8,10	-0.0009939032376574527	1.0
1,5,8,11	0.005073699027011038	1.0
1,5,8,12	-0.006160851253916848	1.0
1,5,8,13	4.40663176053133e-05	1.0
1,5,8,14	-0.009004380012903646	1.0
1,5,8,15	0.013892420883547401	1.0
1,5,9,10	0.004736390791243756	1.0
1,5,9,11	0.004956420617042344	1.0
1,5,9,12	0.004144177377546389	1.0
1,5,9,13	-0.0009245572083627434	1.0
1,5,9,14	-0.001229815202046264	1.0
1,5,9,15	-0.007582551587760565	1.0
1,5,10,11	-0.009761466459182003	1.0
1,5,10,12	-0.007716306988500201	1.0
1,5,10,13	0.0003718801524262407	1.0
1,5,10,14	0.010661395877732648	1.0
1,5,10,15	0.0001305252784168068	1.0
1,5,11,12	-0.0018519199857068543	1.0
1,5,11,13	0.00046473634809697734	1.0
1,5,11,14	-0.000852049528280364	1.0
1,5,11,15	-0.004886482682043119	1.0
1,5,12,13	0.009888067326026043	1.0
1,5,12,14	-0.0022748371400670413	1.0
1,5,12,15	-0.000734017241886737	1.0
1,5,13,14	-0.0038466574087957202	1.0
1,5,13,15	-0.0031756704862065327	1.0
1,5,14,15	-0.0008858325114843326	1.0
1,6,7,8	-0.007317008526013862	1.0
1,6,7,9	-0.004408701900048227	1.0
1,6,7,10	0.0034058649903132487	1.0
1,6,7,11	-0.004992903117782858	1.0
1,6,7,12	-0.003225746087117588	1.0
1,6,7,13	0.00547462158452932	1.0
1,6,7,14	0.006549179932099704	1.0
1,6,7,15	0.0019825924104039925	1.0
1,6,8,9	-0.008117988097357653	1.0
1,6,8,10	-0.0036146011235457906	1.0
1,6,8,11	-0.0006345661937509437	1.0
1,6,8,12	0.005303939214401377	1.0
1,6,8,13	0.0025742087852505583	1.0
1,6,8,14	0.0055643873175912194	1.0
1,6,8,15	-0.0015030132160298911	1.0
1,6,9,10	0.0011048309474862607	1.0
1,6,9,11	-0.0029112656251966866	1.0
1,6,9,12	0.0033155601040520412	1.0
1,6,9,13	0.0007217270990513833	1.0
1,6,9,14	0.021164243118702544	1.0
1,6,9,15	0.0035787858155139837	1.0
1,6,10,11	0.008447001996859596	1.0
1,6,10,12	-0.00010194573669362406	1.0
1,6,10,13	0.0035461074874665864	1.0
1,6,10,14	-0.006912373960370508	1.0
1,6,10,15	0.008778447865929895	1.0
1,6,11,12	-0.004322540499469903	1.0
1,6,11,13	-0.007742200812557557	1.0
1,6,11,14	0.016322894000656424	1.0
1,6,11,15	-0.004650694283186984	1.0
1,6,12,13	-0.013629906772169577	1.0
1,6,12,14	0.028084218836906944	1.0
1,6,12,15	-0.010081971238111796	1.0
1,6,13,14	0.007459530862961437	1.0
1,6,13,15	-0.008122268817948093	1.0
1,6,14,15	0.0004817419200430098	1.0
1,7,8,9	0.009018057024569537	1.0
1,7,8,10	0.006915288630114109	1.0
1,7,8,11	-0.007229598043665707	1.0
1,7,8,12	0.004665252699888942	1.0
1,7,8,13	-0.0011086299388820367	1.0
1,7,8,14	0.007780227081433904	1.0
1,7,8,15	0.0053595611637345525	1.0
1,7,9,10	0.005007395387425758	1.0
1,7,9,11	-0.003854839957673612	1.0
1,7,9,12	-0.006190358143695554	1.0
1,7,9,13	-0.004153763067898417	1.0
1,7,9,14	-0.0017555232486755924	1.0
1,7,9,15	0.006547426207800947	1.0
1,7,10,11	-0.008676763697113876	1.0
1,7,10,12	-0.008187075008071122	1.0
1,7,10,13	0.02505080202875314	1.0
1,7,10,14	0.0020726544665816706	1.0
1,7,10,15	-0.004965199959901161	1.0
1,7,11,12	-0.00013108811758784627	1.0
1,7,11,13	-0.009497101825115626	1.0
1,7,11,14	0.00976444970619046	1.0
1,7,11,15	0.004610397623323908	1.0
1,7,12,13	0.004986966993363784	1.0
1,7,12,14	0.020450845572606062	1.0
1,7,12,15	0.0065596246739778215	1.0
1,7,13,14	0.0005579607261696064	1.0
1,7,13,15	0.0019406749232281743	1.0
1,7,14,15	0.00561281412611161	1.0
1,8,9,10	5.20742614692378e-05	1.0
1,8,9,11	-0.0024187455514011733	1.0
1,8,9,12	0.004061476067744278	1.0
1,8,9,13	-0.00263923777461747	1.0
1,8,9,14	0.004137045873758171	1.0
1,8,9,15	0.0018959187596309813	1.0
1,8,10,11	-0.008126261092001374	1.0
1,8,10,12	-0.011228857394703695	1.0
1,8,10,13	0.002134279200263578	1.0
1,8,10,14	0.0024895140981868076	1.0
1,8,10,15	0.01924078973316114	1.0
1,8,11,12	0.009925556510605046	1.0
1,8,11,13	0.002836288193757471	1.0
1,8,11,14	0.0110145718766255	1.0
1,8,11,15	-0.007279711457590336	1.0
1,8,12,13	-0.010643241908512293	1.0
1,8,12,14	-0.009908726338599395	1.0
1,8,12,15	-0.006276877225445143	1.0
1,8,13,14	-0.0059476307674110945	1.0
1,8,13,15	0.001676720479958565	1.0
1,8,14,15	-0.005964744689008729	1.0
1,9,10,11	-0.0004912948471489467	1.0
1,9,10,12	-0.003085056957108696	1.0
1,9,10,13	0.0011342739832024226	1.0
1,9,10,14	-0.013891077164163148	1.0
1,9,10,15	-0.004559842452497184	1.0
1,9,11,12	0.0001237604886915847	1.0
1,9,11,13	-0.00988319993686881	1.0
1,9,11,14	0.009118805742037677	1.0
1,9,11,15	0.011259659582723512	1.0
1,9,12,13	-0.013006491471491525	1.0
1,9,12,14	0.010077961076600367	1.0
1,9,12,15	-0.009928795277027383	1.0
1,9,13,14	0.003249657746808884	1.0
1,9,13,15	0.009031560391754637	1.0
1,9,14,15	-0.01433107286716893	1.0
1,10,11,12	0.020396912884335462	1.0
1,10,11,13	0.015124888878672476	1.0
1,10,11,14	-0.01464964124876112	1.0
1,10,11,15	0.0014308427222205567	1.0
1,10,12,13	0.006895433327012144	1.0
1,10,12,14	-0.004649394893606638	1.0
1,10,12,15	-0.0028257462409900127	1.0
1,10,13,14	0.0036396500695990625	1.0
1,10,13,15	-0.0078053177809974065	1.0
1,10,14,15	0.002730861692776546	1.0
1,11,12,13	-0.005527848447015776	1.0
1,11,12,14	0.018043130003747392	1.0
1,11,12,15	-0.011918501876745207	1.0
1,11,13,14	0.007173153216259389	1.0
1,11,13,15	0.004956167887020892	1.0
1,11,14,15	-0.006762630696445102	1.0
1,12,13,14	0.006689140845637071	1.0
1,12,13,15	0.010783027166151888	1.0
1,12,14,15	0.012138219741989462	1.0
1,13,14,15	0.00495349155346977	1.0
2,3,4,5	-0.01318428028084547	1.0
2,3,4,6	-0.017765809010484124	1.0
2,3,4,7	-0.04342503165810834	1.0
2,3,4,8	0.0023673440288504025	1.0
2,3,4,9	0.015677745888850528	1.0
2,3,4,10	0.018220825158844146	1.0
2,3,4,11	0.003524692478438355	1.0
2,3,4,12	-0.01464548125839855	1.0
2,3,4,13	-0.04035043437077616	1.0
2,3,4,14	-0.007594004860239577	1.0
2,3,4,15	-0.015037645738156226	1.0
2,3,5,6	0.013870797641108386	1.0
2,3,5,7	-0.014323998220278494	1.0
2,3,5,8	-0.016953599357662597	1.0
2,3,5,9	0.0013898293067817601	1.0
2,3,5,10	-0.005497288409957522	1.0
2,3,5,11	0.011650732080567203	1.0
2,3,5,12	0.005440744540741067	1.0
2,3,5,13	-0.0026545555460174863	1.0
2,3,5,14	-0.011168941298941174	1.0
2,3,5,15	0.008388027946654272	1.0
2,3,6,7	-0.0016197819377442657	1.0
2,3,6,8	-0.0008654902174003677	1.0
2,3,6,9	0.007867163466636174	1.0
2,3,6,10	-0.012530867188993176	1.0
2,3,6,11	0.009843819878578713	1.0
2,3,6,12	0.014887295865162903	1.0
2,3,6,13	0.0046967992323449885	1.0
2,3,6,14	-0.007951617810531384	1.0
2,3,6,15	0.005696286440895019	1.0
2,3,7,8	0.0003402392853571112	1.0
2,3,7,9	0.004397482457541426	1.0
2,3,7,10	0.00016421626137824372	1.0
2,3,7,11	0.006159477260190477	1.0
2,3,7,12	-0.0019440115181966512	1.0
2,3,7,13	0.007826725487000995	1.0
2,3,7,14	0.01437151051615549	1.0
2,3,7,15	0.00019980577480021439	1.0
2,3,8,9	0.0034275903350424602	1.0
2,3,8,10	0.013032694131390233	1.0
2,3,8,11	0.0023958144886311733	1.0
2,3,8,12	0.00659747024075835	1.0
2,3,8,13	0.0007987185576737465	1.0
2,3,8,14	-0.0008144303560351199	1.0
2,3,8,15	-0.00041831092996424263	1.0
2,3,9,10	-0.00034211500848357716	1.0
2,3,9,11	-0.006229545039640642	1.0
2,3,9,12	-0.0068444838624658446	1.0
2,3,9,13	0.0013991314513669244	1.0
2,3,9,14	-0.0054023415648716475	1.0
2,3,9,15	-0.005544589160117416	1.0
2,3,10,11	0.002956446892224345	1.0
2,3,10,12	-0.0013974923466379906	1.0
2,3,10,13	-0.0159832240273643	1.0
2,3,10,14	-0.006427857366649034	1.0
2,3,10,15	0.00586496427520951	1.0
2,3,11,12	0.014118425395028085	1.0
2,3,11,13	0.007104884772674137	1.0
2,3,11,14	0.021544478252169652	1.0
2,3,11,15	-0.01520247934150834	1.0
2,3,12,13	0.01965931800871484	1.0
2,3,12,14	-7.193870517591995e-06	1.0
2,3,12,15	-0.0015892236989530715	1.0
2,3,13,14	0.007765443846041651	1.0
2,3,13,15	-0.014392180290033661	1.0
2,3,14,15	-0.013407458784195558	1.0
2,4,5,6	0.013959711609175782	1.0
2,4,5,7	0.019362582055583923	1.0
2,4,5,8	-0.0036413537447819054	1.0
2,4,5,9	0.018828810020854382	1.0
2,4,5,10	-0.0018202073267215508	1.0
2,4,5,11	-0.005694610000226953	1.0
2,4,5,12	5.4137178975530685e-05	1.0
2,4,5,13	0.009103149355844834	1.0
2,4,5,14	0.008029294709007373	1.0
2,4,5,15	0.007287392807818241	1.0
2,4,6,7	-0.004524931665297224	1.0
2,4,6,8	-0.012738580516041726	1.0
2,4,6,9	-0.004232809379550108	1.0
2,4,6,10	0.01723193208686955	1.0
2,4,6,11	0.004609151674975443	1.0
2,4,6,12	-0.0074587697874135914	1.0
2,4,6,13	0.006508461902746386	1.0
2,4,6,14	0.0040282115398737346	1.0
2,4,6,15	0.001606341503320393	1.0
2,4,7,8	-0.010889670826655925	1.0
2,4,7,9	-0.006942717494138853	1.0
2,4,7,10	-0.0015472366888698375	1.0
2,4,7,11	-0.010224949409391844	1.0
2,4,7,12	-0.009299933803354535	1.0
2,4,7,13	0.006035284071166437	1.0
2,4,7,14	-0.0044602159152471905	1.0
2,4,7,15	0.002813274319173691	1.0
2,4,8,9	-0.007274647712650743	1.0
2,4,8,10	0.0051493119463967806	1.0
2,4,8,11	-0.009852525806200703	1.0
2,4,8,12	-0.0021768377786392035	1.0
2,4,8,13	-0.014485036199324796	1.0
2,4,8,14	-0.01285816331995842	1.0
2,4,8,15	0.002853481021709947	1.0
2,4,9,10	0.0022134762868503974	1.0
2,4,9,11	-0.009263179698080888	1.0
2,4,9,12	-0.007395616419010575	1.0
2,4,9,13	-0.005955135520507611	1.0
2,4,9,14	-0.004030629435513521	1.0
2,4,9,15	0.004418242878383548	1.0
2,4,10,11	-0.0050098909357927	1.0
2,4,10,12	0.02408228913728494	1.0
2,4,10,13	0.004803919585050038	1.0
2,4,10,14	-0.0074789703781135645	1.0
2,4,10,15	0.00767617498173164	1.0
2,4,11,12	-0.00627700364224262	1.0
2,4,11,13	-0.019804555559759338	1.0
2,4,11,14	-0.0010049906069425144	1.0
2,4,11,15	-0.0009734013053417554	1.0
2,4,12,13	-0.011617564046651615	1.0
2,4,12,14	-0.0006283553225351957	1.0
2,4,12,15	-0.0013067241499958642	1.0
2,4,13,14	-0.008262518708084799	1.0
2,4,13,15	0.005036251698315864	1.0
2,4,14,15	0.007292862591368887	1.0
2,5,6,7	-0.0004051606301940531	1.0
2,5,6,8	-0.010234550655014666	1.0
2,5,6,9	0.008467939625201624	1.0
2,5,6,10	0.0026633591043319317	1.0
2,5,6,11	-0.0027391399736931333	1.0
2,5,6,12	0.0017308277643794314	1.0
2,5,6,13	-0.005251570771101959	1.0
2,5,6,14	0.004747893981465225	1.0
2,5,6,15	-0.004072942172059617	1.0
2,5,7,8	-0.008282756220810733	1.0
2,5,7,9	-0.006373837223309654	1.0
2,5,7,10	0.0006318929780258133	1.0
2,5,7,11	0.0015623057565601357	1.0
2,5,7,12	-0.006062521193904578	1.0
2,5,7,13	-0.004015698546733582	1.0
2,5,7,14	0.01817413427471542	1.0
2,5,7,15	-0.016145077393190963	1.0
2,5,8,9	0.003700429987543278	1.0
2,5,8,10	0.006596307370983699	1.0
2,5,8,11	-0.004132490117398179	1.0
2,5,8,12	-0.004328326160491959	1.0
2,5,8,13	-0.006566014955567796	1.0
2,5,8,14	-0.004517813021099308	1.0
2,5,8,15	-0.01132892531171493	1.0
2,5,9,10	-0.00478007522722595	1.0
2,5,9,11	-0.004771315506361711	1.0
2,5,9,12	0.0032616439606189098	1.0
2,5,9,13	-0.0024336301612823182	1.0
2,5,9,14	0.007782409957125088	1.0
2,5,9,15	-0.0016759737785357835	1.0
2,5,10,11	0.013123480840423012	1.0
2,5,10,12	0.006430126183191249	1.0
2,5,10,13	0.009380122663403349	1.0
2,5,10,14	0.010925042054558333	1.0
2,5,10,15	0.00031384210461500844	1.0
2,5,11,12	-0.007097671760373677	1.0
2,5,11,13	-0.003472736757071754	1.0
2,5,11,14	-0.0010920080665077925	1.0
2,5,11,15	-0.008611488431665664	1.0
2,5,12,13	-0.00652439083763541	1.0
2,5,12,14	0.004925310888261237	1.0
2,5,12,15	0.008249231255206609	1.0
2,5,13,14	0.002707380806921361	1.0
2,5,13,15	-0.013056632079611772	1.0
2,5,14,15	-0.019891086845638374	1.0
2,6,7,8	-0.017983142895125585	1.0
2,6,7,9	0.0007934046575160981	1.0
2,6,7,10	-0.0004932488967195059	1.0
2,6,7,11	-0.003857218284051396	1.0
2,6,7,12	0.003817897180437158	1.0
2,6,7,13	0.0020288369556544974	1.0
2,6,7,14	0.0017402623906013198	1.0
2,6,7,15	-0.006741278130097889	1.0
2,6,8,9	0.006689149712805358	1.0
2,6,8,10	0.0038274853331267218	1.0
2,6,8,11	0.005162018528632311	1.0
2,6,8,12	-0.0009056817661086494	1.0
2,6,8,13	0.0021130706027994444	1.0
2,6,8,14	0.006672932471921544	1.0
2,6,8,15	-0.0029842247780799483	1.0
2,6,9,10	-0.008718466379457234	1.0
2,6,9,11	-0.0011369950739194773	1.0
2,6,9,12	0.0022143898888611416	1.0
2,6,9,13	-0.003755426947903172	1.0
2,6,9,14	0.007015361112219166	1.0
2,6,9,15	0.008613492588523996	1.0
2,6,10,11	-0.0006877833667826763	1.0
2,6,10,12	0.002681355931390038	1.0
2,6,10,13	-0.0005929830848188152	1.0
2,6,10,14	0.011597926162441157	1.0
2,6,10,15	-0.0015782568379401635	1.0
2,6,11,12	-0.004060639170825943	1.0
2,6,11,13	0.0021882349874425932	1.0
2,6,11,14	-0.008553509756775875	1.0
2,6,11,15	0.005620664733988854	1.0
2,6,12,13	0.001798870696323554	1.0
2,6,12,14	0.006613928456340484	1.0
2,6,12,15	-0.0037180850832752134	1.0
2,6,13,14	0.0034175178205969685	1.0
2,6,13,15	-0.0001823989607261118	1.0
2,6,14,15	0.005639534820865316	1.0
2,7,8,9	0.00018329864819917503	1.0
2,7,8,10	0.010369679445358972	1.0
2,7,8,11	-0.0016022437526939937	1.0
2,7,8,12	-0.003174165870782319	1.0
2,7,8,13	-0.003668138706361863	1.0
2,7,8,14	0.00829033747716446	1.0
2,7,8,15	-0.0067263853143446125	1.0
2,7,9,10	0.007981588957869042	1.0
2,7,9,11	0.003830394760683348	1.0
2,7,9,12	-0.01165732603667332	1.0
2,7,9,13	0.007605035594814311	1.0
2,7,9,14	0.012651391578943632	1.0
2,7,9,15	-0.008346540118645659	1.0
2,7,10,11	0.004140883641166759	1.0
2,7,10,12	0.008651068050572632	1.0
2,7,10,13	-0.0029887645829568222	1.0
2,7,10,14	0.0031414256723791755	1.0
2,7,10,15	-0.004659413215172125	1.0
2,7,11,12	-0.004974537951176477	1.0
2,7,11,13	-0.005755325514191993	1.0
2,7,11,14	0.00040335500056151675	1.0
2,7,11,15	-0.005206903429117208	1.0
2,7,12,13	-0.012732960364247311	1.0
2,7,12,14	0.0048796171207487315	1.0
2,7,12,15	-0.005611714738864911	1.0
2,7,13,14	0.00023230645331479092	1.0
2,7,13,15	0.008737132196653452	1.0
2,7,14,15	0.005178367198475838	1.0
2,8,9,10	-0.010162861871022645	1.0
2,8,9,11	0.0024622691230733887	1.0
2,8,9,12	0.0018157534006794547	1.0
2,8,9,13	0.003752463366823885	1.0
2,8,9,14	-0.009751112985286347	1.0
2,8,9,15	-0.009877316598065969	1.0
2,8,10,11	0.001450429593486817	1.0
2,8,10,12	-0.004205952863610906	1.0
2,8,10,13	0.0030927860686988675	1.0
2,8,10,14	0.00030072047849785937	1.0
2,8,10,15	0.00801245275915824	1.0
2,8,11,12	0.008279875303919616	1.0
2,8,11,13	0.006308539862651962	1.0
2,8,11,14	0.0012207123085485362	1.0
2,8,11,15	-0.012416764722099235	1.0
2,8,12,13	-0.0016963412386254194	1.0
2,8,12,14	-0.0035536187359781575	1.0
2,8,12,15	-0.005680341054896046	1.0
2,8,13,14	-0.0006720470741612139	1.0
2,8,13,15	-0.008850065285644339	1.0
2,8,14,15	-0.009078552673899436	1.0
2,9,10,11	0.005349777478304965	1.0
2,9,10,12	0.0008853186889586067	1.0
2,9,10,13	0.008593613614600563	1.0
2,9,10,14	-0.0024913079211595123	1.0
2,9,10,15	-0.0006467445280483363	1.0
2,9,11,12	-0.006699610506330939	1.0
2,9,11,13	-0.0027147695729576636	1.0
2,9,11,14	-0.00196370138526046	1.0
2,9,11,15	0.008393452335290576	1.0
2,9,12,13	0.004353400206241134	1.0
2,9,12,14	-0.00304826162593395	1.0
2,9,12,15	0.006034010728024438	1.0
2,9,13,14	0.003758436824714555	1.0
2,9,13,15	-0.0038382564332013888	1.0
2,9,14,15	0.0019203959780627338	1.0
2,10,11,12	0.017687652318721346	1.0
2,10,11,13	0.00972126079285152	1.0
2,10,11,14	-0.0010427551092521406	1.0
2,10,11,15	-0.0032657154291523896	1.0
2,10,12,13	0.016368639021907664	1.0
2,10,12,14	-0.004934142611793963	1.0
2,10,12,15	-0.0038480421027612677	1.0
2,10,13,14	0.0015543161564447404	1.0
2,10,13,15	-0.00768080842754828	1.0
2,10,14,15	-0.0020653155466756846	1.0
2,11,12,13	0.003204085476631099	1.0
2,11,12,14	0.0158433045660841	1.0
2,11,12,15	-0.0061813962970878565	1.0
2,11,13,14	-0.004677563259112789	1.0
2,11,13,15	-0.007474406801116223	1.0
2,11,14,15	0.001953164089796497	1.0
2,12,13,14	0.011890512785085471	1.0
2,12,13,15	0.0017296333696858713	1.0
2,12,14,15	-0.002768105940958215	1.0
2,13,14,15	0.013188868462799992	1.0
3,4,5,6	0.0003212479567773059	1.0
3,4,5,7	-0.028037681637361637	1.0
3,4,5,8	-0.009230230398664331	1.0
3,4,5,9	-0.010576282737558841	1.0
3,4,5,10	-0.009856854810288048	1.0
3,4,5,11	-0.007486261582970952	1.0
3,4,5,12	0.012492298212224744	1.0
3,4,5,13	-0.007076023096317383	1.0
3,4,5,14	-0.0192925605248003	1.0
3,4,5,15	-0.0010147122152060727	1.0
3,4,6,7	-0.0020671433926225473	1.0
3,4,6,8	-0.012985866471315291	1.0
3,4,6,9	0.005940100423796647	1.0
3,4,6,10	0.008849742108002587	1.0
3,4,6,11	-0.019171549800019724	1.0
3,4,6,12	-0.006398425620873718	1.0
3,4,6,13	-0.017914867519809096	1.0
3,4,6,14	-9.98280218698429e-05	1.0
3,4,6,15	-0.008390905859736125	1.0
3,4,7,8	0.008431007397432086	1.0
3,4,7,9	0.0028618381345015534	1.0
3,4,7,10	0.017229095115915947	1.0
3,4,7,11	0.0025706437628288045	1.0
3,4,7,12	-0.01251884318711019	1.0
3,4,7,13	0.01382833533231215	1.0
3,4,7,14	0.02496421677175479	1.0
3,4,7,15	-0.022444595205568955	1.0
3,4,8,9	0.0001891531385956127	1.0
3,4,8,10	0.004603994376428312	1.0
3,4,8,11	-0.016273680682916923	1.0
3,4,8,12	0.005320784088912409	1.0
3,4,8,13	0.012269753425161971	1.0
3,4,8,14	0.014734904446056032	1.0
3,4,8,15	-0.0064319549797044375	1.0
3,4,9,10	0.0029759348617669516	1.0
3,4,9,11	0.003666835195262461	1.0
3,4,9,12	0.010924976763439719	1.0
3,4,9,13	-0.0033058430935438855	1.0
3,4,9,14	0.012320895760814778	1.0
3,4,9,15	-0.004902169345910893	1.0
3,4,10,11	-0.0024723015790588526	1.0
3,4,10,12	-0.00040162782022526216	1.0
3,4,10,13	0.0010247689621284007	1.0
3,4,10,14	0.018590928160923843	1.0
3,4,10,15	-0.0004999638176152559	1.0
3,4,11,12	-0.008619283177880556	1.0
3,4,11,13	-0.0001812902949663393	1.0
3,4,11,14	-0.0022046670956562247	1.0
3,4,11,15	-0.006318890216796997	1.0
3,4,12,13	0.008037530917142845	1.0
3,4,12,14	-0.003762694278876874	1.0
3,4,12,15	0.008392591841420766	1.0
3,4,13,14	-0.0027617601601372297	1.0
3,4,13,15	-0.006379054221299654	1.0
3,4,14,15	0.0005680320966062755	1.0
3,5,6,7	0.010252796503917439	1.0
3,5,6,8	0.0014591042444727208	1.0
3,5,6,9	-0.002855330782369805	1.0
3,5,6,10	0.004552211070480634	1.0
3,5,6,11	0.005585100326624716	1.0
3,5,6,12	-0.0015952491060202334	1.0
3,5,6,13	0.010013621147053628	1.0
3,5,6,14	0.002075393875661689	1.0
3,5,6,15	0.012882035554710333	1.0
3,5,7,8	0.005342175553974066	1.0
3,5,7,9	0.011178594928432256	1.0
3,5,7,10	-0.0038886397025939454	1.0
3,5,7,11	-0.005139275034226393	1.0
3,5,7,12	-0.001274486725558199	1.0
3,5,7,13	-0.0038628098103009392	1.0
3,5,7,14	-0.013213588341708861	1.0
3,5,7,15	0.011044598605186928	1.0
3,5,8,9	0.0025255650475688868	1.0
3,5,8,10	-0.001512881638239836	1.0
3,5,8,11	0.003852245520342652	1.0
3,5,8,12	-0.006284372264984434	1.0
3,5,8,13	0.00834670774730445	1.0
3,5,8,14	-0.003932381592823293	1.0
3,5,8,15	0.004522674831348263	1.0
3,5,9,10	-0.006544444385479723	1.0
3,5,9,11	0.000294454748002616	1.0
3,5,9,12	-0.006532614746449153	1.0
3,5,9,13	-0.012262670480519398	1.0
3,5,9,14	-0.014354731229738973	1.0
3,5,9,15	-0.0030867211287563248	1.0
3,5,10,11	-0.005386449225584735	1.0
3,5,10,12	-0.00856684750145919	1.0
3,5,10,13	-0.012048750189316906	1.0
3,5,10,14	0.0019503615728737453	1.0
3,5,10,15	0.0215123461607773	1.0
3,5,11,12	0.004094881735111827	1.0
3,5,11,13	0.0024234767303338996	1.0
3,5,11,14	0.006627576278700795	1.0
3,5,11,15	0.0002539143205710897	1.0
3,5,12,13	0.019423261291951606	1.0
3,5,12,14	0.005214074131418539	1.0
3,5,12,15	-0.007171955891871173	1.0
3,5,13,14	0.0033769531563334794	1.0
3,5,13,15	-0.00083855829838706	1.0
3,5,14,15	0.0035762874249736683	1.0
3,6,7,8	0.014706820558478124	1.0
3,6,7,9	0.0024870427984394466	1.0
3,6,7,10	-0.009515384976490899	1.0
3,6,7,11	0.004613788885617793	1.0
3,6,7,12	-0.004191901980552891	1.0
3,6,7,13	0.00404238202921561	1.0
3,6,7,14	-4.3867147138368606e-05	1.0
3,6,7,15	0.01353944061490068	1.0
3,6,8,9	0.0007507507417313206	1.0
3,6,8,10	-0.013722829059432454	1.0
3,6,8,11	0.006554595036835092	1.0
3,6,8,12	0.010036994208458272	1.0
3,6,8,13	0.0045165963456998805	1.0
3,6,8,14	0.0069009597223943535	1.0
3,6,8,15	0.0005129641962107736	1.0
3,6,9,10	-0.0005700792976091983	1.0
3,6,9,11	-0.0026486542547557446	1.0
3,6,9,12	0.002251891467104949	1.0
3,6,9,13	-0.00970597539515156	1.0
3,6,9,14	0.009010007301463967	1.0
3,6,9,15	0.00381050870906819	1.0
3,6,10,11	-0.003976605265634106	1.0
3,6,10,12	-0.010269065131216606	1.0
3,6,10,13	-0.008466721006523814	1.0
3,6,10,14	-0.009072795404004217	1.0
3,6,10,15	0.010373671962257375	1.0
3,6,11,12	-0.0003004189197879513	1.0
3,6,11,13	0.010917660740915212	1.0
3,6,11,14	0.010334954177076595	1.0
3,6,11,15	0.0032042749229980313	1.0
3,6,12,13	0.007934042433588244	1.0
3,6,12,14	0.011022744620190787	1.0
3,6,12,15	0.004474945956629036	1.0
3,6,13,14	0.008361362315162492	1.0
3,6,13,15	-0.0014671261788174444	1.0
3,6,14,15	-0.002565956665056123	1.0
3,7,8,9	-0.0013630487639657756	1.0
3,7,8,10	0.008409188017912237	1.0
3,7,8,11	0.005395498498653669	1.0
3,7,8,12	-0.005039953144334046	1.0
3,7,8,13	0.005180094337131182	1.0
3,7,8,14	0.00946157510230195	1.0
3,7,8,15	-0.0021588581236143684	1.0
3,7,9,10	-0.0008867829855644825	1.0
3,7,9,11	0.007777289237861379	1.0
3,7,9,12	-0.006831198964699655	1.0
3,7,9,13	0.002357388946269585	1.0
3,7,9,14	-0.006671988982188015	1.0
3,7,9,15	0.003866347086252634	1.0
3,7,10,11	-0.007329855004749598	1.0
3,7,10,12	0.006612550393848681	1.0
3,7,10,13	-0.007942424399601857	1.0
3,7,10,14	0.0010368310198343366	1.0
3,7,10,15	-0.0038325187159938003	1.0
3,7,11,12	0.011054271513303121	1.0
3,7,11,13	0.005983245913699083	1.0
3,7,11,14	-0.00846288279516932	1.0
3,7,11,15	0.0066659251287173255	1.0
3,7,12,13	-0.008963595202708629	1.0
3,7,12,14	-0.0003310894397255044	1.0
3,7,12,15	0.0018517279974399775	1.0
3,7,13,14	-0.0005540344591417343	1.0
3,7,13,15	0.0012175526998316512	1.0
3,7,14,15	-0.0045730984863997185	1.0
3,8,9,10	0.0035853763563174256	1.0
3,8,9,11	0.0038866689809177036	1.0
3,8,9,12	-0.0010997282117059222	1.0
3,8,9,13	0.007077718464883069	1.0
3,8,9,14	0.009163219626771635	1.0
3,8,9,15	-0.0006181163716969577	1.0
3,8,10,11	-0.0048873425626807365	1.0
3,8,10,12	-0.007207972017021785	1.0
3,8,10,13	0.0031865199882927875	1.0
3,8,10,14	-0.010705077052621475	1.0
3,8,10,15	0.0018469186556513712	1.0
3,8,11,12	0.005839086214182427	1.0
3,8,11,13	0.0046323727590902915	1.0
3,8,11,14	0.0025410980302949947	1.0
3,8,11,15	0.0026754808733106487	1.0
3,8,12,13	-0.0014952588955156904	1.0
3,8,12,14	0.001750578370763537	1.0
3,8,12,15	0.010481029281427582	1.0
3,8,13,14	0.00302040418451108	1.0
3,8,13,15	-0.0014075791266990245	1.0
3,8,14,15	-0.00088876582612675	1.0
3,9,10,11	0.004607526575084844	1.0
3,9,10,12	0.000628266733796113	1.0
3,9,10,13	0.007908254703384122	1.0
3,9,10,14	-0.0046438330898174555	1.0
3,9,10,15	0.008375581060905146	1.0
3,9,11,12	-0.0027500009492492346	1.0
3,9,11,13	-0.005964044073067028	1.0
3,9,11,14	0.0019029510953705846	1.0
3,9,11,15	-0.005541990728967782	1.0
3,9,12,13	-0.009992506070955979	1.0
3,9,12,14	0.0013207664100832544	1.0
3,9,12,15	-0.017205466387351195	1.0
3,9,13,14	-0.007694588812741232	1.0
3,9,13,15	-0.008442804864563813	1.0
3,9,14,15	-0.006378500100289143	1.0
3,10,11,12	0.011387459626283427	1.0
3,10,11,13	-0.0030884251119875986	1.0
3,10,11,14	-0.014285318462743819	1.0
3,10,11,15	0.008118615607228577	1.0
3,10,12,13	0.0021537289650260874	1.0
3,10,12,14	-0.0021314540965124136	1.0
3,10,12,15	0.0008057721656890512	1.0
3,10,13,14	-0.01302818716044046	1.0
3,10,13,15	-0.00043021277033910687	1.0
3,10,14,15	-0.0031009433036467554	1.0
3,11,12,13	0.0015095200498895555	1.0
3,11,12,14	0.0016590775309737213	1.0
3,11,12,15	-0.011748068213518245	1.0
3,11,13,14	0.008301212367716011	1.0
3,11,13,15	0.0017153847145024693	1.0
3,11,14,15	-0.003795153770727397	1.0
3,12,13,14	0.0015227114647891967	1.0
3,12,13,15	0.004643667581349391	1.0
3,12,14,15	-0.00048219805766160475	1.0
3,13,14,15	0.003026309601180402	1.0
4,5,6,7	0.020154029544563145	1.0
4,5,6,8	-0.002592992111908515	1.0
4,5,6,9	0.008583269960811542	1.0
4,5,6,10	-0.01348542635910589	1.0
4,5,6,11	0.01683401443988629	1.0
4,5,6,12	0.014135691040076689	1.0
4,5,6,13	0.014536830059130448	1.0
4,5,6,14	0.00518719150167343	1.0
4,5,6,15	-0.010493438949532065	1.0
4,5,7,8	-0.0024727980462336836	1.0
4,5,7,9	-0.0003625694647123919	1.0
4,5,7,10	0.014880233057417399	1.0
4,5,7,11	-0.005571788438509344	1.0
4,5,7,12	0.008772579098966119	1.0
4,5,7,13	-0.0029138491033078957	1.0
4,5,7,14	-0.009728141943154946	1.0
4,5,7,15	0.002985999957698787	1.0
4,5,8,9	-0.0023025801185047206	1.0
4,5,8,10	0.004223274488878197	1.0
4,5,8,11	-0.00016502322092958738	1.0
4,5,8,12	-0.003953993885592035	1.0
4,5,8,13	-0.001285508889519177	1.0
4,5,8,14	0.012604095516769255	1.0
4,5,8,15	0.0056962387943396	1.0
4,5,9,10	-0.0006060072371021612	1.0
4,5,9,11	0.0031778990293981476	1.0
4,5,9,12	0.0027330576506695917	1.0
4,5,9,13	0.0018337857170084657	1.0
4,5,9,14	0.005363410532346186	1.0
4,5,9,15	-0.0030313853016086323	1.0
4,5,10,11	-0.02179610467670388	1.0
4,5,10,12	-0.021312691929938433	1.0
4,5,10,13	-0.005661261853982138	1.0
4,5,10,14	0.0034495550820947563	1.0
4,5,10,15	0.0025948650754822116	1.0
4,5,11,12	0.006386157626051608	1.0
4,5,11,13	0.03621774627084918	1.0
4,5,11,14	-0.007949829853785301	1.0
4,5,11,15	-0.009543393994479364	1.0
4,5,12,13	0.044238378593659027	1.0
4,5,12,14	-0.002543449452293624	1.0
4,5,12,15	-0.017179582677969357	1.0
4,5,13,14	0.0009732456841997678	1.0
4,5,13,15	-0.016959166597235044	1.0
4,5,14,15	-0.02028860799449233	1.0
4,6,7,8	-0.008652935875552228	1.0
4,6,7,9	0.003054416482799205	1.0
4,6,7,10	0.0038331110587473288	1.0
4,6,7,11	-0.000700908473256154	1.0
4,6,7,12	-0.0068547794249106675	1.0
4,6,7,13	0.0007354064052383239	1.0
4,6,7,14	0.0004317199517164449	1.0
4,6,7,15	-0.005731264208761964	1.0
4,6,8,9	-0.009937308834407299	1.0
4,6,8,10	0.001251252522063347	1.0
4,6,8,11	-0.013022958846698865	1.0
4,6,8,12	-0.0012579607923017292	1.0
4,6,8,13	0.0034446249590836526	1.0
4,6,8,14	-0.004408030124791715	1.0
4,6,8,15	0.002868594761958195	1.0
4,6,9,10	0.005066982169039193	1.0
4,6,9,11	-0.007733249470286577	1.0
4,6,9,12	-0.00963315909571874	1.0
4,6,9,13	0.0015131601546887101	1.0
4,6,9,14	0.005290985362687893	1.0
4,6,9,15	0.012524872541075142	1.0
4,6,10,11	-0.03446207909105608	1.0
4,6,10,12	-0.02901504832181353	1.0
4,6,10,13	-0.03437213061438917	1.0
4,6,10,14	-0.0067216752164732715	1.0
4,6,10,15	0.0009664393885414945	1.0
4,6,11,12	0.03754119052972217	1.0
4,6,11,13	0.030130161193484287	1.0
4,6,11,14	0.009880387949224818	1.0
4,6,11,15	-0.006078894689742834	1.0
4,6,12,13	0.0426450610983473	1.0
4,6,12,14	0.010756633414046214	1.0
4,6,12,15	-0.005390601359902374	1.0
4,6,13,14	0.005747458111261282	1.0
4,6,13,15	-0.00242814485009278	1.0
4,6,14,15	-0.0043690577416472705	1.0
4,7,8,9	0.000887433840421027	1.0
4,7,8,10	0.010627600566101573	1.0
4,7,8,11	-0.013886697359137648	1.0
4,7,8,12	0.0011210585161704548	1.0
4,7,8,13	-0.012582016434745859	1.0
4,7,8,14	-0.0171799328706189	1.0
4,7,8,15	0.012395620235174553	1.0
4,7,9,10	0.010226173296492183	1.0
4,7,9,11	-0.00514215509630202	1.0
4,7,9,12	-0.010748793153833059	1.0
4,7,9,13	-0.011281396781134635	1.0
4,7,9,14	-0.0006518865454354442	1.0
4,7,9,15	0.0009544318213864466	1.0
4,7,10,11	0.0091419841771758	1.0
4,7,10,12	0.02195737272578535	1.0
4,7,10,13	-0.01783463187205901	1.0
4,7,10,14	-0.007526061411739733	1.0
4,7,10,15	0.007925459863588101	1.0
4,7,11,12	-0.010016010650008608	1.0
4,7,11,13	-0.031204646752324865	1.0
4,7,11,14	0.001738695578162551	1.0
4,7,11,15	-0.0008997796290496273	1.0
4,7,12,13	-0.0357547053658913	1.0
4,7,12,14	-0.0017667390130083737	1.0
4,7,12,15	-0.00649457056408372	1.0
4,7,13,14	0.02303341270225458	1.0
4,7,13,15	-0.008382270158000464	1.0
4,7,14,15	0.008931109857340806	1.0
4,8,9,10	0.0009700607862170563	1.0
4,8,9,11	0.0021890161251067967	1.0
4,8,9,12	-0.013736466092476382	1.0
4,8,9,13	-0.0008055516297164047	1.0
4,8,9,14	-0.003226785101127436	1.0
4,8,9,15	-0.003998503270173807	1.0
4,8,10,11	0.007338795846957449	1.0
4,8,10,12	0.007996256145633825	1.0
4,8,10,13	0.011659511073513495	1.0
4,8,10,14	0.0018058810030910717	1.0
4,8,10,15	0.0032913652710568663	1.0
4,8,11,12	-0.0023301861180727483	1.0
4,8,11,13	-0.0100789841032128	1.0
4,8,11,14	0.008416077595204475	1.0
4,8,11,15	0.0049444511212787205	1.0
4,8,12,13	-0.017055900206232294	1.0
4,8,12,14	-0.00483652189269998	1.0
4,8,12,15	-0.0008843570996801076	1.0
4,8,13,14	-0.0026646951684750906	1.0
4,8,13,15	-0.002735759859318453	1.0
4,8,14,15	0.009103654834730683	1.0
4,9,10,11	0.011049156872220406	1.0
4,9,10,12	-0.003300331001362878	1.0
4,9,10,13	0.0050783177549209675	1.0
4,9,10,14	-0.011026033648690878	1.0
4,9,10,15	-0.0005245644198889256	1.0
4,9,11,12	-0.020620999186135462	1.0
4,9,11,13	-0.01429267226289668	1.0
4,9,11,14	0.0018825369525156477	1.0
4,9,11,15	-0.004278433036573475	1.0
4,9,12,13	-0.02078334989520656	1.0
4,9,12,14	-0.00475935228209131	1.0
4,9,12,15	-0.005125768598033606	1.0
4,9,13,14	0.0007630264522994687	1.0
4,9,13,15	-0.008772255733773562	1.0
4,9,14,15	0.0032281095551908853	1.0
4,10,11,12	-0.015291888814296075	1.0
4,10,11,13	-0.05021385065995563	1.0
4,10,11,14	-0.020462636342658828	1.0
4,10,11,15	-0.0074815991046398205	1.0
4,10,12,13	-0.032281560114142176	1.0
4,10,12,14	-0.005537271364710415	1.0
4,10,12,15	-0.009307561057972806	1.0
4,10,13,14	-0.018244310404677996	1.0
4,10,13,15	0.0009455381862519497	1.0
4,10,14,15	0.01435792403475282	1.0
4,11,12,13	0.03041605571395786	1.0
4,11,12,14	0.04734714247665901	1.0
4,11,12,15	-0.015521683798209465	1.0
4,11,13,14	-0.022284919011901085	1.0
4,11,13,15	0.011643498298401764	1.0
4,11,14,15	0.020591014901622295	1.0
4,12,13,14	0.015817593115411345	1.0
4,12,13,15	0.011032660819350481	1.0
4,12,14,15	-0.005971439856932385	1.0
4,13,14,15	0.023009615979786964	1.0
5,6,7,8	0.0002521190399225942	1.0
5,6,7,9	-0.018907482265590334	1.0
5,6,7,10	-0.002302946460885409	1.0
5,6,7,11	-0.003883619107868529	1.0
5,6,7,12	-0.002590311627048549	1.0
5,6,7,13	-0.009149689191458872	1.0
5,6,7,14	0.005833982658612224	1.0
5,6,7,15	-0.0023525646782396	1.0
5,6,8,9	0.004787361553957979	1.0
5,6,8,10	-0.009675157866204483	1.0
5,6,8,11	0.00382998550505347	1.0
5,6,8,12	-0.012539037365277408	1.0
5,6,8,13	0.0012456033796515078	1.0
5,6,8,14	0.0011300338466899047	1.0
5,6,8,15	0.002012848855180966	1.0
5,6,9,10	-0.005126055715776814	1.0
5,6,9,11	-0.0066289244752720505	1.0
5,6,9,12	0.0076402639269480144	1.0
5,6,9,13	0.010373806476767907	1.0
5,6,9,14	0.000954531974383524	1.0
5,6,9,15	0.0030913354028965106	1.0
5,6,10,11	0.007299571706694917	1.0
5,6,10,12	0.007703076095527075	1.0
5,6,10,13	-0.00014607086716897193	1.0
5,6,10,14	0.00707774204498653	1.0
5,6,10,15	0.0012290304934287621	1.0
5,6,11,12	-0.01649994222012005	1.0
5,6,11,13	-0.0036303552293493737	1.0
5,6,11,14	-0.0076023089729930805	1.0
5,6,11,15	0.0007756603234056422	1.0
5,6,12,13	-0.0003301103119957294	1.0
5,6,12,14	-0.00025075250577842427	1.0
5,6,12,15	0.006224732694605612	1.0
5,6,13,14	-0.012097394903186297	1.0
5,6,13,15	0.0065957675416543045	1.0
5,6,14,15	-0.008919221165977043	1.0
5,7,8,9	0.0017481610287606632	1.0
5,7,8,10	0.0011252785718902543	1.0
5,7,8,11	-0.0004040019417801896	1.0
5,7,8,12	0.0023068539291274492	1.0
5,7,8,13	0.008927449264326787	1.0
5,7,8,14	0.0015805224939596935	1.0
5,7,8,15	0.006015532205955778	1.0
5,7,9,10	0.019327674341167885	1.0
5,7,9,11	-0.003093914107915363	1.0
5,7,9,12	0.010808268493919217	1.0
5,7,9,13	-0.0010684339904181812	1.0
5,7,9,14	-0.011615722427271382	1.0
5,7,9,15	0.008202835417787602	1.0
5,7,10,11	-0.0007967387392464067	1.0
5,7,10,12	-0.01145264213696014	1.0
5,7,10,13	0.023389501400301556	1.0
5,7,10,14	0.011061320892687692	1.0
5,7,10,15	-0.012764431957937451	1.0
5,7,11,12	-0.005617418570639845	1.0
5,7,11,13	0.017735627174441018	1.0
5,7,11,14	-0.0028304680538355853	1.0
5,7,11,15	0.00484555054550625	1.0
5,7,12,13	0.0039985862458923795	1.0
5,7,12,14	-0.015941969374874635	1.0
5,7,12,15	0.001107371410898536	1.0
5,7,13,14	0.0032527382951601856	1.0
5,7,13,15	0.012955416629401206	1.0
5,7,14,15	-0.00342277175393009	1.0
5,8,9,10	-0.0022219987405232046	1.0
5,8,9,11	0.0034084030573202527	1.0
5,8,9,12	-0.0009774968022599451	1.0
5,8,9,13	-0.007592626068389971	1.0
5,8,9,14	-0.004043634695037805	1.0
5,8,9,15	-0.0038719939671147795	1.0
5,8,10,11	0.008987928808850243	1.0
5,8,10,12	-0.0012432621460000829	1.0
5,8,10,13	-0.0007386591113938451	1.0
5,8,10,14	0.007787147439132223	1.0
5,8,10,15	-0.005978594648954153	1.0
5,8,11,12	0.003516041686170608	1.0
5,8,11,13	0.009923671902515545	1.0
5,8,11,14	0.006863127239415155	1.0
5,8,11,15	-0.007999950511382817	1.0
5,8,12,13	-0.0052072608767537755	1.0
5,8,12,14	0.004718490967883303	1.0
5,8,12,15	-0.004925183029733731	1.0
5,8,13,14	-0.00842832585863972	1.0
5,8,13,15	-0.003932134303860569	1.0
5,8,14,15	-0.007226105241348994	1.0
5,9,10,11	-0.00048403750319589607	1.0
5,9,10,12	0.0027302988155997925	1.0
5,9,10,13	-0.00614257753741745	1.0
5,9,10,14	-0.0023789077117517404	1.0
5,9,10,15	-0.011227719640781035	1.0
5,9,11,12	4.9931426067552354e-05	1.0
5,9,11,13	-0.0026040279984394657	1.0
5,9,11,14	-0.001361540880995324	1.0
5,9,11,15	-0.0024723588984263863	1.0
5,9,12,13	-0.002010439981540175	1.0
5,9,12,14	0.007595533746641603	1.0
5,9,12,15	-0.0024223921902217296	1.0
5,9,13,14	-0.0042405920397428475	1.0
5,9,13,15	-0.0005913360168722636	1.0
5,9,14,15	0.008858400244484733	1.0
5,10,11,12	0.0017628249980426523	1.0
5,10,11,13	0.006853035196879939	1.0
5,10,11,14	0.002012795932316186	1.0
5,10,11,15	0.002227815205432554	1.0
5,10,12,13	0.01686857934357134	1.0
5,10,12,14	7.606645194691182e-05	1.0
5,10,12,15	0.006265119886496919	1.0
5,10,13,14	0.010633474207798374	1.0
5,10,13,15	-0.004569826240268185	1.0
5,10,14,15	-0.0006895692328772731	1.0
5,11,12,13	-0.021829422666796928	1.0
5,11,12,14	-0.024434028797944797	1.0
5,11,12,15	0.00909352764078732	1.0
5,11,13,14	0.01022282926357777	1.0
5,11,13,15	-0.016391773155590712	1.0
5,11,14,15	-0.014235621607518435	1.0
5,12,13,14	-0.014779494794885117	1.0
5,12,13,15	0.005342652550568839	1.0
5,12,14,15	0.017650522714022617	1.0
5,13,14,15	-0.012456754341607965	1.0
6,7,8,9	-0.017788246246604196	1.0
6,7,8,10	0.008592871500721428	1.0
6,7,8,11	0.007322221046390624	1.0
6,7,8,12	0.01538964648707273	1.0
6,7,8,13	0.007361709471913434	1.0
6,7,8,14	0.0025916125464051382	1.0
6,7,8,15	-0.006719361188343382	1.0
6,7,9,10	-0.009079008922157553	1.0
6,7,9,11	0.010665494801832043	1.0
6,7,9,12	0.0017348666984110185	1.0
6,7,9,13	0.013145926971324929	1.0
6,7,9,14	-0.0030956250706697906	1.0
6,7,9,15	-0.006764198500679095	1.0
6,7,10,11	-0.009417761552111914	1.0
6,7,10,12	-0.005680831574695434	1.0
6,7,10,13	-0.025744763825490458	1.0
6,7,10,14	0.0161758715288344	1.0
6,7,10,15	-0.008524806467138057	1.0
6,7,11,12	0.01724303925118961	1.0
6,7,11,13	0.0020303067428386065	1.0
6,7,11,14	-4.444151390456397e-05	1.0
6,7,11,15	-0.0028279308529213015	1.0
6,7,12,13	0.0038713121738300172	1.0
6,7,12,14	-0.012318307493655742	1.0
6,7,12,15	-0.012633695044342898	1.0
6,7,13,14	-0.007743851454828766	1.0
6,7,13,15	-0.003811122939206454	1.0
6,7,14,15	-0.01210982251068406	1.0
6,8,9,10	0.0013912416256518828	1.0
6,8,9,11	-0.01868294813694167	1.0
6,8,9,12	-0.002172422653417317	1.0
6,8,9,13	-0.0017881760804671215	1.0
6,8,9,14	0.0063986147997266325	1.0
6,8,9,15	-0.01296223534272423	1.0
6,8,10,11	0.0038310317591301705	1.0
6,8,10,12	0.007876668862322998	1.0
6,8,10,13	0.010546303508971427	1.0
6,8,10,14	0.003987763726464435	1.0
6,8,10,15	0.005478406698107288	1.0
6,8,11,12	-0.006939066245819577	1.0
6,8,11,13	-0.003913230060290292	1.0
6,8,11,14	-0.0018820979056828472	1.0
6,8,11,15	0.004483142110415536	1.0
6,8,12,13	-0.019688229393969928	1.0
6,8,12,14	-0.007973478110414465	1.0
6,8,12,15	0.0009281989023656786	1.0
6,8,13,14	0.010503791396839275	1.0
6,8,13,15	-0.004577733649589216	1.0
6,8,14,15	-0.010321091854745302	1.0
6,9,10,11	-0.0034143404262563216	1.0
6,9,10,12	-0.00414712064867248	1.0
6,9,10,13	0.007359582601984672	1.0
6,9,10,14	0.0029789867588849443	1.0
6,9,10,15	-0.017359779839146272	1.0
6,9,11,12	-0.011477234146090056	1.0
6,9,11,13	-0.00048296471238498673	1.0
6,9,11,14	-0.013649356725048174	1.0
6,9,11,15	0.002129796150418599	1.0
6,9,12,13	-0.020521231446689395	1.0
6,9,12,14	0.01126079250554899	1.0
6,9,12,15	-0.011397222522248644	1.0
6,9,13,14	-0.01161252227633089	1.0
6,9,13,15	0.006100324511547066	1.0
6,9,14,15	0.006552807398674897	1.0
6,10,11,12	-0.1525371607806702	1.0
6,10,11,13	-0.15501007764367067	1.0
6,10,11,14	-0.012447348716092254	1.0
6,10,11,15	-0.011657892035266647	1.0
6,10,12,13	-0.1419276707141198	1.0
6,10,12,14	0.01006478649560281	1.0
6,10,12,15	-0.0041974535969196685	1.0
6,10,13,14	0.002285257895837655	1.0
6,10,13,15	-0.014219595316659154	1.0
6,10,14,15	-0.015595990040189325	1.0
6,11,12,13	0.14614179685174147	1.0
6,11,12,14	-0.002861717010259293	1.0
6,11,12,15	0.011787525586465116	1.0
6,11,13,14	0.007139935289535515	1.0
6,11,13,15	-0.00047288965003330387	1.0
6,11,14,15	0.013204087358707591	1.0
6,12,13,14	-0.007787184507527302	1.0
6,12,13,15	0.006420133741894957	1.0
6,12,14,15	0.002556745707341412	1.0
6,13,14,15	0.016813207060032875	1.0
7,8,9,10	0.003903925031856555	1.0
7,8,9,11	-0.0037152587884877013	1.0
7,8,9,12	0.004284645079079684	1.0
7,8,9,13	0.012599268348922197	1.0
7,8,9,14	-0.006070282514991281	1.0
7,8,9,15	-0.015618694908041441	1.0
7,8,10,11	0.00684721651065822	1.0
7,8,10,12	0.0054686283231848674	1.0
7,8,10,13	0.0017899112655548766	1.0
7,8,10,14	-0.00296345750057018	1.0
7,8,10,15	0.004498071818470036	1.0
7,8,11,12	-0.008620469524199575	1.0
7,8,11,13	-0.01051508195832729	1.0
7,8,11,14	0.0021669729090969467	1.0
7,8,11,15	-0.0034569226718129927	1.0
7,8,12,13	-0.018720378107290988	1.0
7,8,12,14	0.00546286420398581	1.0
7,8,12,15	0.012642594997845293	1.0
7,8,13,14	0.0036939017124720387	1.0
7,8,13,15	-0.006883055441142231	1.0
7,8,14,15	0.014428894720828455	1.0
7,9,10,11	0.020372392529425666	1.0
7,9,10,12	-0.003554623790473506	1.0
7,9,10,13	-0.0069813226658257	1.0
7,9,10,14	-0.00233648866825926	1.0
7,9,10,15	-0.002923987601541514	1.0
7,9,11,12	0.0010143360989274368	1.0
7,9,11,13	0.011421755904500371	1.0
7,9,11,14	0.017730276691310144	1.0
7,9,11,15	-0.027307012941687577	1.0
7,9,12,13	0.010115818928435756	1.0
7,9,12,14	0.003101797198709021	1.0
7,9,12,15	-0.005165153495722889	1.0
7,9,13,14	0.006964981510876319	1.0
7,9,13,15	-0.01797035113864926	1.0
7,9,14,15	0.00938320959197779	1.0
7,10,11,12	-0.025595833961015012	1.0
7,10,11,13	-0.013024330444891551	1.0
7,10,11,14	-0.004108046160902842	1.0
7,10,11,15	0.005648925911154868	1.0
7,10,12,13	-0.05624155803277591	1.0
7,10,12,14	0.025652199231236242	1.0
7,10,12,15	0.013790519777025913	1.0
7,10,13,14	0.039150572059041926	1.0
7,10,13,15	0.008687272961322302	1.0
7,10,14,15	-0.0027597364008000577	1.0
7,11,12,13	0.024930705246831025	1.0
7,11,12,14	-0.001805321113751081	1.0
7,11,12,15	0.005864818004556141	1.0
7,11,13,14	-0.0010629923953016165	1.0
7,11,13,15	-0.022039865531869672	1.0
7,11,14,15	-0.00887723390174805	1.0
7,12,13,14	-0.00816687012627193	1.0
7,12,13,15	-0.03021037354643238	1.0
7,12,14,15	-0.017007759655911184	1.0
7,13,14,15	-0.004902698470215531	1.0
8,9,10,11	-0.0006208279001273017	1.0
8,9,10,12	-0.0008355133683990673	1.0
8,9,10,13	0.00861402273120421	1.0
8,9,10,14	-0.021291567209774584	1.0
8,9,10,15	0.012850952177285718	1.0
8,9,11,12	-0.007606662958346126	1.0
8,9,11,13	0.0061932680813391525	1.0
8,9,11,14	0.004062124713573733	1.0
8,9,11,15	0.0029319629147863896	1.0
8,9,12,13	0.006284125097252613	1.0
8,9,12,14	-0.008902759130231717	1.0
8,9,12,15	-0.012563950444528845	1.0
8,9,13,14	0.013157870455488184	1.0
8,9,13,15	-0.014937343166007817	1.0
8,9,14,15	0.003713579894234118	1.0
8,10,11,12	0.019289586693232767	1.0
8,10,11,13	0.010499188739054886	1.0
8,10,11,14	-0.002667291011843689	1.0
8,10,11,15	-0.005762670369416667	1.0
8,10,12,13	0.0178156937608518	1.0
8,10,12,14	0.015176874247053902	1.0
8,10,12,15	0.018174577041621637	1.0
8,10,13,14	0.011746885464028713	1.0
8,10,13,15	-0.0029831111019167885	1.0
8,10,14,15	-0.009454669853380834	1.0
8,11,12,13	-0.022961481909023043	1.0
8,11,12,14	-0.024228795565719097	1.0
8,11,12,15	0.0024427039503505943	1.0
8,11,13,14	-0.01655786844117605	1.0
8,11,13,15	0.010354665250840122	1.0
8,11,14,15	-0.0041497992989499	1.0
8,12,13,14	-0.010721371046437809	1.0
8,12,13,15	0.013146073491959166	1.0
8,12,14,15	0.002892618446842924	1.0
8,13,14,15	-0.004654946985975737	1.0
9,10,11,12	0.026044440236253935	1.0
9,10,11,13	0.019792052229830017	1.0
9,10,11,14	-0.016781172296540865	1.0
9,10,11,15	0.010594224187481776	1.0
9,10,12,13	0.029668522899420083	1.0
9,10,12,14	0.0021074607457143442	1.0
9,10,12,15	-0.012027707047949846	1.0
9,10,13,14	0.010485036131940378	1.0
9,10,13,15	0.0020612267123869903	1.0
9,10,14,15	-0.007249340820154308	1.0
9,11,12,13	-0.028503743239197174	1.0
9,11,12,14	-0.007207086533456683	1.0
9,11,12,15	0.010775219138814938	1.0
9,11,13,14	-0.012290570637781682	1.0
9,11,13,15	0.008578765616291992	1.0
9,11,14,15	-0.00314838879653278	1.0
9,12,13,14	0.016565219037367948	1.0
9,12,13,15	0.004097962395540972	1.0
9,12,14,15	0.028169883210530867	1.0
9,13,14,15	0.003955795058079989	1.0
10,11,12,13	-0.23403194331175523	1.0
10,11,12,14	-0.029104438864407847	1.0
10,11,12,15	-0.01864624082200763	1.0
10,11,13,14	0.013397246317525102	1.0
10,11,13,15	0.01544379170625298	1.0
10,11,14,15	0.0011758448883278441	1.0
10,12,13,14	0.005041566786880892	1.0
10,12,13,15	0.019648524325480175	1.0
10,12,14,15	0.004090724172681771	1.0
10,13,14,15	-0.027256032191807625	1.0
11,12,13,14	0.011571759261881927	1.0
11,12,13,15	0.03780141872921477	1.0
11,12,14,15	-0.008084090261052702	1.0
11,13,14,15	0.01683250315015292	1.0
12,13,14,15	0.03661421363575553	1.0
