Params: 	121
Term	Coefficient	Standard Error	Coefficient_Lin	Standard Error_Lin
Intercept	10.191071419920778
1	-0.0666294040248717	0.0030948533864495	0.0229639558317415	0.0039234117314227
2	-0.0835855580150395	0.0053278283201318	-0.1416079316175467	0.0036605344817276
3	-0.0923513026992294	0.0106378212410375	-0.0610823466091705	0.0082763455820185
4	0.0934193347177519	0.0097126277370894	-0.1288966582950295	0.00715853075508
5	-0.1166377089070824	0.0055920944821521	-0.0639081604651655	0.0063785893519794
6	-0.6275032579201894	0.002600207215227	-0.689681577025859	0.0066160242229044
7	-1.6337394374262153	0.0186288152129476	-1.496710795383978	0.0063770388969209
8	0.0424438900190731	0.0121876145416023	0.0316911506280124	0.0047222396012659
9	0.0231077564640975	0.0080005750256539	0.0139137722453115	0.0060181908092413
10	-0.0714772291269986	0.0081438039813806	0.1911640966031826	0.0032560415211201
11	0.0736843967811059	0.0057114717570118	0.0485088713862834	0.0062856915992506
12	-0.1635822670028491	0.0125340825292536	-0.2861977578461822	0.0091484621785057
13	-0.3113160166308822	0.008536950993738	-0.3161445112253161	0.0038013770482727
14	0.0064319131028206	0.0098068118210013	0.1673601951874258	0.0073811098546301
15	-0.0297099788065883	0.0087064792227902	0.0222502713425064	0.0026663904122785
1,2	0.0323683983526831	0.0059816033459514	0.0294068541977374	0.0047743667932744
1,3	0.0114499299477718	0.0042798993593415	0.0121213271300765	0.0013197731665068
1,4	0.0963029142713405	0.0054284678085019	0.0306797946192862	0.0072346118831191
1,5	-0.0212468045921666	0.0023957898670332	-0.0107277145538197	0.0035235403455033
1,6	0.0023059149116858	0.0022861759917373	-0.126309941088785	0.0041672880406443
1,7	0.3615449661087163	0.0113804856350458	0.1354094936390567	0.0051145155514706
1,8	0.0136425691989678	0.0026848390772356	0.0081810055652905	0.0021126575996679
1,9	-0.0017714252792435	0.0043311948681037	-0.004469948696507	0.0032519627130886
1,10	0.0266698890079675	0.0044866368177494	0.0337110547277435	0.0036065021363932
1,11	-0.0178218772747168	0.0028269802212566	-0.0088714031432315	0.0030558691790884
1,12	0.0144080186160639	0.0064793203355684	0.0018681929768311	0.0028529841864426
1,13	-0.007136514073629	0.0055067079083791	-0.0209311419719222	0.0057759288621184
1,14	-0.0027071210545947	0.0053442786545776	0.0046822212614489	0.0037328450030801
1,15	-0.018123585970988	0.0042018149722868	-0.0054545215949833	0.0051851536086709
2,3	0.0532000970346066	0.002604724032428	0.0355538929742069	0.0025650975649234
2,4	-0.0332310143468036	0.0072918074055592	-0.00361255416749	0.005127838195691
2,5	0.0184099257660134	0.0058581318677427	0.0116301054307075	0.0058454849200301
2,6	-0.0131381564411206	0.0037444193537131	0.1114294032531228	0.0041339188053856
2,7	-0.3176646466534601	0.0111120522147554	-0.0868062802341966	0.0025481898902528
2,8	0.004813114900908	0.0030400032534439	-0.001127856967948	0.0030090528137138
2,9	-0.0073569903203612	0.0058433946276204	-0.0037712035139916	0.0034226319457618
2,10	0.0327003118894991	0.0055652928700032	0.0028298947432524	0.0047213989643513
2,11	-0.0007288172720022	0.0033065608047924	0.0038625271152636	0.0048665676799704
2,12	-0.0162015193741022	0.0030127165438919	0.0055459646090374	0.0031861757654126
2,13	-0.0162651537597469	0.0055524411753231	0.0082550218467361	0.0046526305790551
2,14	0.0187825857899339	0.0040131366725203	0.0027757882940369	0.0034519640084466
2,15	0.0093214434549799	0.0013478284896811	-0.0066367880827266	0.0039763734098796
3,4	0.1093694870030703	0.0075632235653854	0.0699694478622326	0.0079176433007794
3,5	-0.0106922304859419	0.0031223352420583	-0.0079722139631258	0.0023283338117066
3,6	-0.0197389554199014	0.0021774175697351	-0.0491047577594702	0.0019947790818436
3,7	0.0961095320228368	0.0047568823224499	0.0649629667112949	0.0029573379767635
3,8	0.0012098969242012	0.0047203836829284	-0.0006692630562971	0.0045783070134028
3,9	0.0069587339637889	0.0069092502894351	0.0115406978426423	0.0041934780019691
3,10	0.0494541062443912	0.003590979333121	0.0399323574254994	0.0049474055695919
3,11	-0.0146797302412854	0.0033799132110516	-0.0072232416440265	0.001382115163322
3,12	-0.0406505920891703	0.0055053552306367	-0.0234985156598005	0.0052290248742257
3,13	-0.0461220240857963	0.0045270848697707	-0.0334443476455563	0.0037619068978571
3,14	0.0353932542768219	0.0052014574601877	0.0227385454665135	0.0024848269397234
3,15	-0.0020374139768702	0.0070684688949713	0.0003201064693263	0.0045957838741308
4,5	0.1157957994991173	0.0034128502391436	0.070536025313456	0.0043154562109787
4,6	-0.0091047239468644	0.0012432794161795	0.4895465698594513	0.0030157220504811
4,7	-1.3575478582837133	0.0095165369970528	-0.6383016255925283	0.0043035891752767
4,8	-0.0302266587170127	0.0046539500258632	-0.017761663122837	0.004952964915523
4,9	-0.0302220040346688	0.0047676785952344	-0.0148789928883571	0.0041338497641036
4,10	-0.0234599877848165	0.0084338487853554	-0.0441960803047709	0.0074277121529384
4,11	-0.0540529986985995	0.0054239467098556	-0.03357668025561	0.004007541512736
4,12	-0.1999886268842442	0.0034190937106136	-0.0803344075368888	0.0019995126489838
4,13	-0.0236605383298092	0.004122326746859	-0.0040868406916642	0.0028392143317387
4,14	0.0652168894581911	0.0046006390446219	0.0126494942440986	0.0049346656268512
4,15	0.0813987996777804	0.0040807129736027	0.0426595279941398	0.0021945137517245
5,6	-0.0538593851058085	0.0031984101726389	-0.1233802026943877	0.0033446566256483
5,7	0.2556932890879747	0.0131950422574714	0.1597011990144857	0.0052632100545711
5,8	0.0014055407087922	0.0076945106306633	0.0030433048424408	0.0047952491500671
5,9	0.0285272775276705	0.0049446401043282	0.020551379683798	0.0051058420779344
5,10	-0.0091036166409765	0.0053346573895189	-0.0062118719594995	0.0042627919843658
5,11	0.0592677041220685	0.0027029163951646	0.0352596056402569	0.0043780442647458
5,12	-0.0021768533001087	0.0055182463367704	0.0046303682345888	0.0042750438508763
5,13	-0.0339846748646298	0.0028373245689925	-0.02034623295473	0.0019131223172829
5,14	0.0052134535019317	0.0032357460636232	0.0076758219524132	0.0013684823021555
5,15	-0.0027567948232351	0.0062414088771719	-0.0016025839372519	0.003615509622984
6,7	-3.1877778244318398	0.0210797116481221	-0.7826724609691114	0.0033703822373627
6,8	-0.0068031426378404	0.0010223584010439	-0.012076075799414	0.0057638719361801
6,9	-0.00773973039384	0.0032691840714636	0.003762206508311	0.0033648440567842
6,10	0.1256857734725188	0.0020043675639831	-0.2933732400856991	0.0048105924689128
6,11	0.0484694398526648	0.0026599774121651	0.0457588157375837	0.0038209881181053
6,12	0.0149689442725215	0.0019971209195734	0.2172062916316381	0.0030004587548405
6,13	-0.0580401556248894	0.0028629880917062	0.1846806762880815	0.0038867048936385
6,14	0.0862468162627144	0.0017854999990214	-0.1288471976065535	0.0022454908729876
6,15	0.0274586425275487	0.0026113445856917	-0.0471320609942674	0.0038161897723138
7,8	0.0003181664370855	0.0144051104830493	0.0100361774238323	0.0038115790324024
7,9	-0.0474911259243147	0.0121691097426486	-0.0254474210223961	0.003911440753119
7,10	0.9450969351047608	0.0064837534137414	0.2694788568946357	0.0047709369926289
7,11	-0.0149248917125288	0.0147217310541556	-0.0503691646695498	0.0056113554623276
7,12	-0.3838972006136613	0.0057230932694847	-0.1115449972572414	0.0050481163703077
7,13	-0.6310938860474399	0.0058628832901128	-0.190300518798984	0.0036794180487844
7,14	0.3374771561263237	0.0042454346027751	0.0213260350643348	0.0034789523149269
7,15	0.2195240460437372	0.0068420420727177	0.0623784436408027	0.0028919801803472
8,9	-0.0307912774651438	0.0045549011554232	-0.02043317904508	0.0044922941122214
8,10	-0.0278227707231007	0.0040286163224719	-0.0138922466378026	0.0024608616964888
8,11	0.0034537290359119	0.0064823279556187	0.0047356394365703	0.0053207092502222
8,12	-0.0049664197013563	0.0057473104480484	-0.004874717351817	0.0035967362458447
8,13	-0.004740474514461	0.0047793946800589	-0.0025661599330019	0.0025416162497693
8,14	-0.0074511033403375	0.0043730140583431	-0.008891405646322	0.0035819682532819
8,15	-0.0057862709384859	0.004007147869894	-0.0048685969817401	0.0065149855836805
9,10	-9.12648976084552e-05	0.0031733595279528	-0.0017348291002052	0.0029495181143469
9,11	0.0087247167050085	0.0054533180970687	-0.0024607937347733	0.005257347791869
9,12	0.0108638160133347	0.003268893347997	0.0081354795037082	0.0033605643749003
9,13	0.0092994068351948	0.005260866423095	0.0064304471964264	0.0046756727250443
9,14	-0.0023278778431217	0.0026776525290008	-0.0047571522715244	0.0019015884686807
9,15	-0.0102871366853044	0.0064209516284952	-0.0051296449735886	0.0038904222120536
10,11	-0.1057157372045683	0.0057183278676394	-0.0674198210534842	0.0042631191485998
10,12	-0.0898834099635532	0.0046675972285429	-0.0754380881399334	0.0040623040922223
10,13	0.3559140060838947	0.0049194972315366	0.2001414726513623	0.0047736004448594
10,14	0.0003015814242432	0.0047233853699505	0.032232283988909	0.0031792632222167
10,15	0.0167853059618686	0.0060994302706316	0.0209596385884079	0.0050020595350609
11,12	-0.0560197617898103	0.0074135459269783	-0.0323555307544899	0.0055990103640563
11,13	0.0939993921010866	0.0043200058990013	0.0638974202384877	0.001974352933137
11,14	-0.0123414449734061	0.0065179549113197	-0.0099853248153516	0.0058920282019452
11,15	-0.0501929797776129	0.0048535305116637	-0.0311194486703891	0.0052792265078731
12,13	0.2658848205457272	0.0033279636801798	0.2008679799982774	0.0019016224203408
12,14	0.148840482897334	0.0046716234091779	0.0921405396488975	0.0043243849595505
12,15	0.0614679124674382	0.0052570826339238	0.0411785136009989	0.0045650841662824
13,14	0.0204834651897885	0.0034588447760923	-0.0070372674523078	0.0029085444824704
13,15	-0.0122778451345097	0.0031070519769218	-0.0256863538011365	0.0039667303757341
14,15	-0.0369823049344733	0.0073857692618704	-0.023236493220152	0.0041203309968299
